game_id,date,home,vis,time,period,mins,secs,pos,team,event,event_deets,block,steal,home_desc,vis_desc,score,home_score,vis_score
0022001057,2021-05-14,DAL,TOR,0.0,1,12,0,,,period_start,0,False,False,,,0-0,0,0
0022001057,2021-05-14,DAL,TOR,0.0,1,12,0,,DAL,jump_ball,0,False,False,Jump Ball Powell vs. Gillespie: Tip to Porzingis,,0-0,0,0
0022001057,2021-05-14,DAL,TOR,0.35,1,11,39,DAL,DAL,fg3_make,1,False,False,Porzingis 3PT Jump Shot (3 PTS) (Doncic 1 AST),,3-0,3,0
0022001057,2021-05-14,DAL,TOR,0.75,1,11,15,TOR,TOR,fg3_make,79,False,False,,Flynn 26' 3PT Pullup Jump Shot (3 PTS),3-3,3,3
0022001057,2021-05-14,DAL,TOR,1.13,1,10,52,DAL,DAL,fg_make,108,False,False,Finney-Smith 1' Cutting Dunk Shot (2 PTS) (Powell 1 AST),,5-3,5,3
0022001057,2021-05-14,DAL,TOR,1.48,1,10,31,TOR,TOR,fg_miss,1,False,False,,MISS Birch 20' Jump Shot,5-3,5,3
0022001057,2021-05-14,DAL,TOR,1.53,1,10,28,DAL,DAL,reb,0,False,False,Doncic REBOUND (Off:0 Def:1),,5-3,5,3
0022001057,2021-05-14,DAL,TOR,1.6,1,10,24,DAL,DAL,fg3_make,79,False,False,Finney-Smith 26' 3PT Pullup Jump Shot (5 PTS) (Doncic 2 AST),,8-3,8,3
0022001057,2021-05-14,DAL,TOR,1.9,1,10,6,TOR,TOR,fg_make,101,False,False,,Harris 9' Driving Floating Jump Shot (2 PTS),8-5,8,5
0022001057,2021-05-14,DAL,TOR,2.27,1,9,44,DAL,TOR,foul,2,False,False,,Johnson S.FOUL (P1.T1) (M.Dagher),8-5,8,5
0022001057,2021-05-14,DAL,TOR,2.27,1,9,44,DAL,DAL,ft_make,11,False,False,Doncic Free Throw 1 of 2 (1 PTS),,9-5,9,5
0022001057,2021-05-14,DAL,TOR,2.27,1,9,44,DAL,DAL,ft_make,12,False,False,Doncic Free Throw 2 of 2 (2 PTS),,10-5,10,5
0022001057,2021-05-14,DAL,TOR,2.38,1,9,37,TOR,TOR,fg3_miss,79,False,False,,MISS Flynn 26' 3PT Pullup Jump Shot,10-5,10,5
0022001057,2021-05-14,DAL,TOR,2.43,1,9,34,DAL,DAL,reb,0,False,False,Porzingis REBOUND (Off:0 Def:1),,10-5,10,5
0022001057,2021-05-14,DAL,TOR,2.72,1,9,17,DAL,DAL,fg_miss,3,True,False,MISS Powell 1' Hook Shot,,10-5,10,5
0022001057,2021-05-14,DAL,TOR,2.72,1,9,17,DAL,TOR,block,3,True,False,block,block,10-5,10,5
0022001057,2021-05-14,DAL,TOR,2.75,1,9,15,TOR,TOR,reb,0,False,False,,Flynn REBOUND (Off:0 Def:1),10-5,10,5
0022001057,2021-05-14,DAL,TOR,3.03,1,8,58,TOR,TOR,fg_miss,6,True,False,,MISS Harris 5' Driving Layup,10-5,10,5
0022001057,2021-05-14,DAL,TOR,3.03,1,8,58,TOR,DAL,block,6,True,False,block,block,10-5,10,5
0022001057,2021-05-14,DAL,TOR,3.07,1,8,56,TOR,TOR,reb,0,False,False,,Flynn REBOUND (Off:1 Def:1),10-5,10,5
0022001057,2021-05-14,DAL,TOR,3.13,1,8,52,TOR,TOR,fg_miss,86,False,False,,MISS Flynn 7' Turnaround Fadeaway Shot,10-5,10,5
0022001057,2021-05-14,DAL,TOR,3.15,1,8,51,DAL,DAL,reb,0,False,False,Doncic REBOUND (Off:0 Def:2),,10-5,10,5
0022001057,2021-05-14,DAL,TOR,3.25,1,8,45,DAL,DAL,fg3_miss,79,False,False,MISS Doncic 26' 3PT Pullup Jump Shot,,10-5,10,5
0022001057,2021-05-14,DAL,TOR,3.32,1,8,41,TOR,TOR,reb,0,False,False,,Gillespie REBOUND (Off:0 Def:1),10-5,10,5
0022001057,2021-05-14,DAL,TOR,3.48,1,8,31,TOR,TOR,fg3_miss,1,False,False,,MISS Harris 26' 3PT Jump Shot,10-5,10,5
0022001057,2021-05-14,DAL,TOR,3.5,1,8,30,DAL,DAL,reb,0,False,False,Doncic REBOUND (Off:0 Def:3),,10-5,10,5
0022001057,2021-05-14,DAL,TOR,3.6,1,8,24,DAL,DAL,fg3_miss,80,False,False,MISS Hardaway Jr. 25' 3PT Step Back Jump Shot,,10-5,10,5
0022001057,2021-05-14,DAL,TOR,3.67,1,8,20,TOR,TOR,reb,0,False,False,,Johnson REBOUND (Off:0 Def:1),10-5,10,5
0022001057,2021-05-14,DAL,TOR,3.72,1,8,17,DAL,TOR,foul,26,False,False,,Johnson Offensive Charge Foul (P2.T2) (J.Capers),10-5,10,5
0022001057,2021-05-14,DAL,TOR,3.72,1,8,17,TOR,TOR,tov,37,False,False,,Johnson Offensive Foul Turnover (P1.T1),10-5,10,5
0022001057,2021-05-14,DAL,TOR,3.87,1,8,8,DAL,DAL,fg_miss,47,False,False,MISS Porzingis 18' Turnaround Jump Shot,,10-5,10,5
0022001057,2021-05-14,DAL,TOR,3.9,1,8,6,TOR,TOR,reb,0,False,False,,Flynn REBOUND (Off:1 Def:2),10-5,10,5
0022001057,2021-05-14,DAL,TOR,4.17,1,7,50,TOR,TOR,tov,45,False,False,,Birch Out of Bounds - Bad Pass Turnover Turnover (P1.T2),10-5,10,5
0022001057,2021-05-14,DAL,TOR,4.33,1,7,40,DAL,TOR,foul,2,False,False,,Flynn S.FOUL (P1.T3) (C.Blair),10-5,10,5
0022001057,2021-05-14,DAL,TOR,4.33,1,7,40,DAL,DAL,ft_make,11,False,False,Powell Free Throw 1 of 2 (1 PTS),,11-5,11,5
0022001057,2021-05-14,DAL,TOR,4.33,1,7,40,DAL,DAL,ft_make,12,False,False,Powell Free Throw 2 of 2 (2 PTS),,12-5,12,5
0022001057,2021-05-14,DAL,TOR,4.4,1,7,36,TOR,TOR,timeout,1,False,False,,Raptors Timeout: Regular (Reg.1 Short 0),12-5,12,5
0022001057,2021-05-14,DAL,TOR,4.57,1,7,26,TOR,TOR,fg3_make,1,False,False,,Birch 25' 3PT Jump Shot (3 PTS) (Harris 1 AST),12-8,12,8
0022001057,2021-05-14,DAL,TOR,4.83,1,7,10,DAL,DAL,tov,2,False,True,Powell Lost Ball Turnover (P1.T1),,12-8,12,8
0022001057,2021-05-14,DAL,TOR,4.83,1,7,10,DAL,TOR,steal,2,False,True,steal,steal,12-8,12,8
0022001057,2021-05-14,DAL,TOR,5.0,1,7,0,TOR,DAL,foul,1,False,False,Hardaway Jr. P.FOUL (P1.T1) (M.Dagher),,12-8,12,8
0022001057,2021-05-14,DAL,TOR,5.2,1,6,48,TOR,TOR,fg_miss,58,False,False,,MISS Birch 5' Turnaround Hook Shot,12-8,12,8
0022001057,2021-05-14,DAL,TOR,5.23,1,6,46,DAL,DAL,reb,0,False,False,Porzingis REBOUND (Off:0 Def:2),,12-8,12,8
0022001057,2021-05-14,DAL,TOR,5.28,1,6,43,DAL,DAL,tov,1,False,True,Brunson Bad Pass Turnover (P1.T2),,12-8,12,8
0022001057,2021-05-14,DAL,TOR,5.28,1,6,43,DAL,TOR,steal,1,False,True,steal,steal,12-8,12,8
0022001057,2021-05-14,DAL,TOR,5.33,1,6,40,TOR,TOR,fg_make,41,False,False,,Flynn 1' Running Layup (5 PTS),12-10,12,10
0022001057,2021-05-14,DAL,TOR,5.5,1,6,30,DAL,DAL,fg_make,75,False,False,Brunson 1' Driving Finger Roll Layup (2 PTS),,14-10,14,10
0022001057,2021-05-14,DAL,TOR,5.75,1,6,15,TOR,TOR,tov,1,False,True,,Harris Bad Pass Turnover (P1.T3),14-10,14,10
0022001057,2021-05-14,DAL,TOR,5.75,1,6,15,TOR,DAL,steal,1,False,True,steal,steal,14-10,14,10
0022001057,2021-05-14,DAL,TOR,5.82,1,6,11,DAL,DAL,tov,1,False,True,Cauley-Stein Bad Pass Turnover (P1.T3),,14-10,14,10
0022001057,2021-05-14,DAL,TOR,5.82,1,6,11,DAL,TOR,steal,1,False,True,steal,steal,14-10,14,10
0022001057,2021-05-14,DAL,TOR,5.87,1,6,8,TOR,TOR,fg_make,101,False,False,,Gillespie 10' Driving Floating Jump Shot (2 PTS) (Birch 1 AST),14-12,14,12
0022001057,2021-05-14,DAL,TOR,6.25,1,5,45,DAL,TOR,foul,2,False,False,,Birch S.FOUL (P1.T4) (M.Dagher),14-12,14,12
0022001057,2021-05-14,DAL,TOR,6.25,1,5,45,DAL,DAL,ft_make,11,False,False,Hardaway Jr. Free Throw 1 of 2 (1 PTS),,15-12,15,12
0022001057,2021-05-14,DAL,TOR,6.25,1,5,45,DAL,DAL,ft_make,12,False,False,Hardaway Jr. Free Throw 2 of 2 (2 PTS),,16-12,16,12
0022001057,2021-05-14,DAL,TOR,6.47,1,5,32,TOR,TOR,fg3_miss,1,False,False,,MISS Harris 25' 3PT Jump Shot,16-12,16,12
0022001057,2021-05-14,DAL,TOR,6.48,1,5,31,DAL,DAL,reb,0,False,False,MAVERICKS Rebound,,16-12,16,12
0022001057,2021-05-14,DAL,TOR,6.7,1,5,18,DAL,DAL,fg_miss,79,False,False,MISS Porzingis 13' Pullup Jump Shot,,16-12,16,12
0022001057,2021-05-14,DAL,TOR,6.72,1,5,17,TOR,TOR,reb,0,False,False,,Birch REBOUND (Off:0 Def:1),16-12,16,12
0022001057,2021-05-14,DAL,TOR,6.87,1,5,8,TOR,TOR,tov,1,False,True,,Birch Bad Pass Turnover (P2.T4),16-12,16,12
0022001057,2021-05-14,DAL,TOR,6.87,1,5,8,TOR,DAL,steal,1,False,True,steal,steal,16-12,16,12
0022001057,2021-05-14,DAL,TOR,6.93,1,5,4,DAL,DAL,fg_make,76,False,False,Brunson 1' Running Finger Roll Layup (4 PTS) (Hardaway Jr. 1 AST),,18-12,18,12
0022001057,2021-05-14,DAL,TOR,7.23,1,4,46,TOR,TOR,fg_make,6,False,False,,Flynn 7' Driving Layup (7 PTS),18-14,18,14
0022001057,2021-05-14,DAL,TOR,7.45,1,4,33,DAL,DAL,fg_make,102,False,False,Porzingis 1' Driving Floating Bank Jump Shot (5 PTS) (Hardaway Jr. 2 AST),,20-14,20,14
0022001057,2021-05-14,DAL,TOR,7.63,1,4,22,TOR,TOR,fg3_miss,1,False,False,,MISS Flynn 26' 3PT Jump Shot,20-14,20,14
0022001057,2021-05-14,DAL,TOR,7.65,1,4,21,DAL,DAL,reb,0,False,False,MAVERICKS Rebound,,20-14,20,14
0022001057,2021-05-14,DAL,TOR,7.97,1,4,2,DAL,DAL,fg_miss,47,False,False,MISS Richardson 4' Turnaround Jump Shot,,20-14,20,14
0022001057,2021-05-14,DAL,TOR,8.03,1,3,58,DAL,DAL,fg_miss,97,True,False,MISS Richardson Tip Layup Shot,,20-14,20,14
0022001057,2021-05-14,DAL,TOR,8.03,1,3,58,DAL,DAL,reb,0,False,False,Richardson REBOUND (Off:1 Def:0),,20-14,20,14
0022001057,2021-05-14,DAL,TOR,8.03,1,3,58,DAL,TOR,block,97,True,False,block,block,20-14,20,14
0022001057,2021-05-14,DAL,TOR,8.07,1,3,56,TOR,TOR,reb,0,False,False,,Johnson REBOUND (Off:0 Def:2),20-14,20,14
0022001057,2021-05-14,DAL,TOR,8.4,1,3,36,TOR,TOR,fg3_miss,79,False,False,,MISS Bembry 42' 3PT Pullup Jump Shot,20-14,20,14
0022001057,2021-05-14,DAL,TOR,8.42,1,3,35,TOR,TOR,reb,0,False,False,,Raptors Rebound,20-14,20,14
0022001057,2021-05-14,DAL,TOR,8.42,1,3,35,TOR,TOR,tov,11,False,False,,Raptors Turnover: Shot Clock (T#5),20-14,20,14
0022001057,2021-05-14,DAL,TOR,8.6,1,3,24,DAL,DAL,timeout,1,False,False,MAVERICKS Timeout: Regular (Full 1 Short 0),,20-14,20,14
0022001057,2021-05-14,DAL,TOR,8.78,1,3,13,DAL,DAL,fg_miss,79,False,False,MISS Porzingis 17' Pullup Jump Shot,,20-14,20,14
0022001057,2021-05-14,DAL,TOR,8.82,1,3,11,TOR,TOR,reb,0,False,False,,Baynes REBOUND (Off:0 Def:1),20-14,20,14
0022001057,2021-05-14,DAL,TOR,9.0,1,3,0,TOR,TOR,fg3_miss,79,False,False,,MISS Johnson 29' 3PT Pullup Jump Shot,20-14,20,14
0022001057,2021-05-14,DAL,TOR,9.05,1,2,57,DAL,DAL,reb,0,False,False,Porzingis REBOUND (Off:0 Def:3),,20-14,20,14
0022001057,2021-05-14,DAL,TOR,9.17,1,2,50,DAL,DAL,fg3_miss,79,False,False,MISS Hardaway Jr. 25' 3PT Pullup Jump Shot,,20-14,20,14
0022001057,2021-05-14,DAL,TOR,9.2,1,2,48,TOR,TOR,reb,0,False,False,,Bembry REBOUND (Off:0 Def:1),20-14,20,14
0022001057,2021-05-14,DAL,TOR,9.32,1,2,41,TOR,TOR,fg_make,75,False,False,,Bembry 1' Driving Finger Roll Layup (2 PTS),20-16,20,16
0022001057,2021-05-14,DAL,TOR,9.5,1,2,30,DAL,DAL,fg3_make,1,False,False,Richardson 3PT Jump Shot (3 PTS) (Porzingis 1 AST),,23-16,23,16
0022001057,2021-05-14,DAL,TOR,9.8,1,2,12,TOR,TOR,fg_make,5,False,False,,Baynes Layup (2 PTS) (Gillespie 1 AST),23-18,23,18
0022001057,2021-05-14,DAL,TOR,10.12,1,1,53,DAL,DAL,fg3_miss,1,False,False,MISS Hardaway Jr. 27' 3PT Jump Shot,,23-18,23,18
0022001057,2021-05-14,DAL,TOR,10.15,1,1,51,TOR,TOR,reb,0,False,False,,Johnson REBOUND (Off:0 Def:3),23-18,23,18
0022001057,2021-05-14,DAL,TOR,10.17,1,1,50,TOR,DAL,foul,28,False,False,Cauley-Stein Personal Take Foul (P1.T2) (M.Dagher),,23-18,23,18
0022001057,2021-05-14,DAL,TOR,10.47,1,1,32,TOR,TOR,fg3_miss,1,False,False,,MISS Birch 3PT Jump Shot,23-18,23,18
0022001057,2021-05-14,DAL,TOR,10.5,1,1,30,DAL,DAL,reb,0,False,False,Doncic REBOUND (Off:0 Def:4),,23-18,23,18
0022001057,2021-05-14,DAL,TOR,10.62,1,1,23,DAL,DAL,fg3_make,1,False,False,Brunson 3PT Jump Shot (7 PTS) (Doncic 3 AST),,26-18,26,18
0022001057,2021-05-14,DAL,TOR,10.98,1,1,1,TOR,TOR,fg_make,98,False,False,,Birch 1' Cutting Layup Shot (5 PTS) (Bembry 1 AST),26-20,26,20
0022001057,2021-05-14,DAL,TOR,11.15,1,0,51,DAL,DAL,fg3_make,1,False,False,Richardson 3PT Jump Shot (6 PTS) (Doncic 4 AST),,29-20,29,20
0022001057,2021-05-14,DAL,TOR,11.38,1,0,37,TOR,TOR,fg3_make,1,False,False,,Baynes 26' 3PT Jump Shot (5 PTS) (Bembry 2 AST),29-23,29,23
0022001057,2021-05-14,DAL,TOR,11.48,1,0,31,DAL,DAL,fg_miss,101,False,False,MISS Doncic 11' Driving Floating Jump Shot,,29-23,29,23
0022001057,2021-05-14,DAL,TOR,11.52,1,0,29,TOR,TOR,reb,0,False,False,,Bembry REBOUND (Off:0 Def:2),29-23,29,23
0022001057,2021-05-14,DAL,TOR,11.7,1,0,18,TOR,TOR,fg3_make,1,False,False,,Harris 25' 3PT Jump Shot (5 PTS) (Bembry 3 AST),29-26,29,26
0022001057,2021-05-14,DAL,TOR,11.98,1,0,1,DAL,DAL,fg_make,102,False,False,Doncic 4' Driving Floating Bank Jump Shot (4 PTS),,31-26,31,26
0022001057,2021-05-14,DAL,TOR,12.0,1,0,0,TOR,TOR,fg3_miss,1,False,False,,MISS Harris 62' 3PT Jump Shot,31-26,31,26
0022001057,2021-05-14,DAL,TOR,12.0,1,0,0,TOR,TOR,reb,0,False,False,,Raptors Rebound,31-26,31,26
0022001057,2021-05-14,DAL,TOR,12.0,1,0,0,TOR,,period_end,0,False,False,,,31-26,31,26
0022001057,2021-05-14,DAL,TOR,12.0,2,12,0,TOR,,period_start,0,False,False,,,31-26,31,26
0022001057,2021-05-14,DAL,TOR,12.22,2,11,47,TOR,TOR,fg3_miss,1,False,False,,MISS Baynes 26' 3PT Jump Shot,31-26,31,26
0022001057,2021-05-14,DAL,TOR,12.27,2,11,44,DAL,DAL,reb,0,False,False,Doncic REBOUND (Off:0 Def:5),,31-26,31,26
0022001057,2021-05-14,DAL,TOR,12.38,2,11,37,DAL,DAL,fg_make,102,False,False,Doncic 7' Driving Floating Bank Jump Shot (6 PTS),,33-26,33,26
0022001057,2021-05-14,DAL,TOR,12.65,2,11,21,TOR,TOR,fg_make,79,False,False,,Harris 6' Pullup Jump Shot (7 PTS),33-28,33,28
0022001057,2021-05-14,DAL,TOR,12.9,2,11,6,DAL,DAL,fg_miss,80,False,False,MISS Doncic 17' Step Back Jump Shot,,33-28,33,28
0022001057,2021-05-14,DAL,TOR,12.93,2,11,4,TOR,TOR,reb,0,False,False,,Harris REBOUND (Off:0 Def:1),33-28,33,28
0022001057,2021-05-14,DAL,TOR,13.07,2,10,56,TOR,TOR,fg3_miss,1,False,False,,MISS Bembry 25' 3PT Jump Shot,33-28,33,28
0022001057,2021-05-14,DAL,TOR,13.12,2,10,53,DAL,DAL,reb,0,False,False,Powell REBOUND (Off:0 Def:1),,33-28,33,28
0022001057,2021-05-14,DAL,TOR,13.25,2,10,45,DAL,DAL,fg_miss,79,False,False,MISS Richardson 15' Pullup Jump Shot,,33-28,33,28
0022001057,2021-05-14,DAL,TOR,13.28,2,10,43,TOR,TOR,reb,0,False,False,,Baynes REBOUND (Off:0 Def:2),33-28,33,28
0022001057,2021-05-14,DAL,TOR,13.42,2,10,35,TOR,DAL,foul,2,False,False,Richardson S.FOUL (P1.T1) (C.Blair),,33-28,33,28
0022001057,2021-05-14,DAL,TOR,13.42,2,10,35,TOR,TOR,ft_make,11,False,False,,Johnson Free Throw 1 of 2 (1 PTS),33-29,33,29
0022001057,2021-05-14,DAL,TOR,13.42,2,10,35,TOR,TOR,ft_make,12,False,False,,Johnson Free Throw 2 of 2 (2 PTS),33-30,33,30
0022001057,2021-05-14,DAL,TOR,13.67,2,10,20,DAL,DAL,fg_miss,79,False,False,MISS Richardson 20' Pullup Jump Shot,,33-30,33,30
0022001057,2021-05-14,DAL,TOR,13.72,2,10,17,DAL,DAL,reb,0,False,False,Melli REBOUND (Off:1 Def:0),,33-30,33,30
0022001057,2021-05-14,DAL,TOR,13.73,2,10,16,DAL,DAL,tov,4,False,False,Melli Traveling Turnover (P1.T4),,33-30,33,30
0022001057,2021-05-14,DAL,TOR,13.93,2,10,4,TOR,TOR,fg_make,75,False,False,,Harris Driving Finger Roll Layup (9 PTS),33-32,33,32
0022001057,2021-05-14,DAL,TOR,13.95,2,10,3,DAL,DAL,timeout,1,False,False,MAVERICKS Timeout: Regular (Full 2 Short 0),,33-32,33,32
0022001057,2021-05-14,DAL,TOR,14.25,2,9,45,DAL,DAL,fg3_make,1,False,False,Melli 3PT Jump Shot (3 PTS) (Doncic 5 AST),,36-32,36,32
0022001057,2021-05-14,DAL,TOR,14.57,2,9,26,DAL,TOR,foul,4,False,False,,Birch OFF.Foul (P2) (J.Capers),36-32,36,32
0022001057,2021-05-14,DAL,TOR,14.57,2,9,26,TOR,TOR,tov,37,False,False,,Birch Offensive Foul Turnover (P3.T6),36-32,36,32
0022001057,2021-05-14,DAL,TOR,14.8,2,9,12,DAL,DAL,fg3_make,1,False,False,Burke 3PT Jump Shot (3 PTS) (Doncic 6 AST),,39-32,39,32
0022001057,2021-05-14,DAL,TOR,14.98,2,9,1,TOR,TOR,fg_make,3,False,False,,Harris Hook Shot (11 PTS),39-34,39,34
0022001057,2021-05-14,DAL,TOR,14.98,2,9,1,TOR,DAL,foul,2,False,False,Doncic S.FOUL (P1.T2) (M.Dagher),,39-34,39,34
0022001057,2021-05-14,DAL,TOR,14.98,2,9,1,TOR,TOR,ft_miss,10,False,False,,MISS Harris Free Throw 1 of 1,39-34,39,34
0022001057,2021-05-14,DAL,TOR,15.02,2,8,59,DAL,DAL,reb,0,False,False,Melli REBOUND (Off:1 Def:1),,39-34,39,34
0022001057,2021-05-14,DAL,TOR,15.17,2,8,50,DAL,DAL,fg_miss,1,False,False,MISS Doncic 19' Jump Shot,,39-34,39,34
0022001057,2021-05-14,DAL,TOR,15.23,2,8,46,TOR,TOR,reb,0,False,False,,Birch REBOUND (Off:0 Def:2),39-34,39,34
0022001057,2021-05-14,DAL,TOR,15.38,2,8,37,TOR,TOR,fg_make,98,False,False,,Birch 1' Cutting Layup Shot (7 PTS) (Harris 2 AST),39-36,39,36
0022001057,2021-05-14,DAL,TOR,15.67,2,8,20,DAL,DAL,fg3_make,1,False,False,Finney-Smith 3PT Jump Shot (8 PTS) (Doncic 7 AST),,42-36,42,36
0022001057,2021-05-14,DAL,TOR,16.02,2,7,59,TOR,TOR,fg3_make,1,False,False,,Harris 25' 3PT Jump Shot (14 PTS),42-39,42,39
0022001057,2021-05-14,DAL,TOR,16.33,2,7,40,DAL,DAL,fg3_miss,1,False,False,MISS Melli 25' 3PT Jump Shot,,42-39,42,39
0022001057,2021-05-14,DAL,TOR,16.4,2,7,36,TOR,TOR,reb,0,False,False,,Johnson REBOUND (Off:0 Def:4),42-39,42,39
0022001057,2021-05-14,DAL,TOR,16.48,2,7,31,TOR,TOR,timeout,1,False,False,,Raptors Timeout: Regular (Reg.2 Short 0),42-39,42,39
0022001057,2021-05-14,DAL,TOR,16.57,2,7,26,TOR,TOR,fg3_miss,1,False,False,,MISS Harris 3PT Jump Shot,42-39,42,39
0022001057,2021-05-14,DAL,TOR,16.65,2,7,21,DAL,DAL,reb,0,False,False,Brunson REBOUND (Off:0 Def:1),,42-39,42,39
0022001057,2021-05-14,DAL,TOR,16.97,2,7,2,DAL,DAL,fg_make,102,False,False,Porzingis 6' Driving Floating Bank Jump Shot (7 PTS) (Finney-Smith 1 AST),,44-39,44,39
0022001057,2021-05-14,DAL,TOR,17.35,2,6,39,TOR,TOR,fg_miss,102,False,False,,MISS Bembry 7' Driving Floating Bank Jump Shot,44-39,44,39
0022001057,2021-05-14,DAL,TOR,17.37,2,6,38,DAL,DAL,reb,0,False,False,Brunson REBOUND (Off:0 Def:2),,44-39,44,39
0022001057,2021-05-14,DAL,TOR,17.37,2,6,38,DAL,TOR,foul,1,False,False,,Gillespie P.FOUL (P1.T1) (C.Blair),44-39,44,39
0022001057,2021-05-14,DAL,TOR,17.57,2,6,26,DAL,DAL,fg3_miss,1,False,False,MISS Melli 25' 3PT Jump Shot,,44-39,44,39
0022001057,2021-05-14,DAL,TOR,17.65,2,6,21,TOR,TOR,reb,0,False,False,,Birch REBOUND (Off:0 Def:3),44-39,44,39
0022001057,2021-05-14,DAL,TOR,17.75,2,6,15,TOR,TOR,fg_make,93,False,False,,Flynn 4' Driving Bank Hook Shot (9 PTS),44-41,44,41
0022001057,2021-05-14,DAL,TOR,18.0,2,6,0,DAL,DAL,fg3_make,1,False,False,Melli 27' 3PT Jump Shot (6 PTS) (Brunson 1 AST),,47-41,47,41
0022001057,2021-05-14,DAL,TOR,18.22,2,5,47,TOR,TOR,fg_miss,101,False,False,,MISS Flynn 10' Driving Floating Jump Shot,47-41,47,41
0022001057,2021-05-14,DAL,TOR,18.27,2,5,44,DAL,DAL,reb,0,False,False,Brunson REBOUND (Off:0 Def:3),,47-41,47,41
0022001057,2021-05-14,DAL,TOR,18.35,2,5,39,DAL,DAL,fg3_make,1,False,False,Porzingis 26' 3PT Jump Shot (10 PTS) (Brunson 2 AST),,50-41,50,41
0022001057,2021-05-14,DAL,TOR,18.8,2,5,12,TOR,TOR,fg3_miss,1,False,False,,MISS Birch 25' 3PT Jump Shot,50-41,50,41
0022001057,2021-05-14,DAL,TOR,18.85,2,5,9,DAL,DAL,reb,0,False,False,Burke REBOUND (Off:0 Def:1),,50-41,50,41
0022001057,2021-05-14,DAL,TOR,18.97,2,5,2,DAL,DAL,fg3_make,79,False,False,Brunson 26' 3PT Pullup Jump Shot (10 PTS) (Burke 1 AST),,53-41,53,41
0022001057,2021-05-14,DAL,TOR,19.18,2,4,49,TOR,TOR,fg_make,52,False,False,,Bembry Alley Oop Dunk (4 PTS) (Flynn 1 AST),53-43,53,43
0022001057,2021-05-14,DAL,TOR,19.58,2,4,25,DAL,DAL,fg_make,101,False,False,Burke 15' Driving Floating Jump Shot (5 PTS) (Brunson 3 AST),,55-43,55,43
0022001057,2021-05-14,DAL,TOR,19.83,2,4,10,TOR,DAL,foul,2,False,False,Finney-Smith S.FOUL (P1.T3) (C.Blair),,55-43,55,43
0022001057,2021-05-14,DAL,TOR,19.83,2,4,10,TOR,TOR,ft_make,11,False,False,,Bembry Free Throw 1 of 2 (5 PTS),55-44,55,44
0022001057,2021-05-14,DAL,TOR,19.83,2,4,10,TOR,TOR,ft_miss,12,False,False,,MISS Bembry Free Throw 2 of 2,55-44,55,44
0022001057,2021-05-14,DAL,TOR,19.87,2,4,8,TOR,TOR,reb,0,False,False,,Raptors Rebound,55-44,55,44
0022001057,2021-05-14,DAL,TOR,19.92,2,4,5,TOR,TOR,fg3_miss,1,False,False,,MISS Flynn 25' 3PT Jump Shot,55-44,55,44
0022001057,2021-05-14,DAL,TOR,19.97,2,4,2,DAL,DAL,reb,0,False,False,Finney-Smith REBOUND (Off:0 Def:1),,55-44,55,44
0022001057,2021-05-14,DAL,TOR,20.07,2,3,56,DAL,DAL,fg_make,57,False,False,Brunson 1' Driving Hook Shot (12 PTS) (Finney-Smith 2 AST),,57-44,57,44
0022001057,2021-05-14,DAL,TOR,20.32,2,3,41,DAL,TOR,foul,4,False,False,,Birch OFF.Foul (P3) (M.Dagher),57-44,57,44
0022001057,2021-05-14,DAL,TOR,20.32,2,3,41,TOR,TOR,tov,37,False,False,,Birch Offensive Foul Turnover (P4.T7),57-44,57,44
0022001057,2021-05-14,DAL,TOR,20.52,2,3,29,DAL,DAL,fg3_make,79,False,False,Brunson 25' 3PT Pullup Jump Shot (15 PTS),,60-44,60,44
0022001057,2021-05-14,DAL,TOR,20.73,2,3,16,TOR,TOR,tov,1,False,True,,Bembry Bad Pass Turnover (P1.T8),60-44,60,44
0022001057,2021-05-14,DAL,TOR,20.73,2,3,16,TOR,DAL,steal,1,False,True,steal,steal,60-44,60,44
0022001057,2021-05-14,DAL,TOR,20.8,2,3,12,DAL,DAL,fg3_miss,1,False,False,MISS Burke 3PT Jump Shot,,60-44,60,44
0022001057,2021-05-14,DAL,TOR,20.87,2,3,8,TOR,TOR,reb,0,False,False,,Johnson REBOUND (Off:0 Def:5),60-44,60,44
0022001057,2021-05-14,DAL,TOR,20.98,2,3,1,TOR,TOR,fg_miss,6,False,False,,MISS Johnson 3' Driving Layup,60-44,60,44
0022001057,2021-05-14,DAL,TOR,21.0,2,3,0,DAL,DAL,reb,0,False,False,Porzingis REBOUND (Off:0 Def:4),,60-44,60,44
0022001057,2021-05-14,DAL,TOR,21.07,2,2,56,DAL,DAL,fg3_miss,79,False,False,MISS Melli 25' 3PT Pullup Jump Shot,,60-44,60,44
0022001057,2021-05-14,DAL,TOR,21.15,2,2,51,DAL,DAL,reb,0,False,False,Porzingis REBOUND (Off:1 Def:4),,60-44,60,44
0022001057,2021-05-14,DAL,TOR,21.15,2,2,51,DAL,DAL,fg_miss,97,False,False,MISS Porzingis Tip Layup Shot,,60-44,60,44
0022001057,2021-05-14,DAL,TOR,21.15,2,2,51,TOR,TOR,reb,0,False,False,,Gillespie REBOUND (Off:0 Def:2),60-44,60,44
0022001057,2021-05-14,DAL,TOR,21.15,2,2,51,TOR,DAL,foul,1,False,False,Finney-Smith P.FOUL (P2.T4) (C.Blair),,60-44,60,44
0022001057,2021-05-14,DAL,TOR,21.3,2,2,42,TOR,TOR,fg3_miss,1,False,False,,MISS Bembry 25' 3PT Jump Shot,60-44,60,44
0022001057,2021-05-14,DAL,TOR,21.33,2,2,40,DAL,DAL,reb,0,False,False,MAVERICKS Rebound,,60-44,60,44
0022001057,2021-05-14,DAL,TOR,21.6,2,2,24,DAL,DAL,fg3_miss,1,False,False,MISS Finney-Smith 27' 3PT Jump Shot,,60-44,60,44
0022001057,2021-05-14,DAL,TOR,21.67,2,2,20,TOR,TOR,reb,0,False,False,,Harris REBOUND (Off:0 Def:2),60-44,60,44
0022001057,2021-05-14,DAL,TOR,21.92,2,2,5,TOR,TOR,fg_miss,86,False,False,,MISS Johnson 13' Turnaround Fadeaway Shot,60-44,60,44
0022001057,2021-05-14,DAL,TOR,21.95,2,2,3,DAL,DAL,reb,0,False,False,Brunson REBOUND (Off:0 Def:4),,60-44,60,44
0022001057,2021-05-14,DAL,TOR,21.98,2,2,1,DAL,TOR,foul,2,False,False,,Harris S.FOUL (P1.T2) (J.Capers),60-44,60,44
0022001057,2021-05-14,DAL,TOR,21.98,2,2,1,DAL,DAL,ft_miss,11,False,False,MISS Finney-Smith Free Throw 1 of 2,,60-44,60,44
0022001057,2021-05-14,DAL,TOR,21.98,2,2,1,DAL,DAL,reb,1,False,False,MAVERICKS Rebound,,60-44,60,44
0022001057,2021-05-14,DAL,TOR,21.98,2,2,1,DAL,DAL,ft_make,12,False,False,Finney-Smith Free Throw 2 of 2 (9 PTS),,61-44,61,44
0022001057,2021-05-14,DAL,TOR,22.38,2,1,37,TOR,TOR,fg_make,102,False,False,,Flynn 3' Driving Floating Bank Jump Shot (11 PTS),61-46,61,46
0022001057,2021-05-14,DAL,TOR,22.55,2,1,27,DAL,DAL,fg3_miss,1,False,False,MISS Porzingis 26' 3PT Jump Shot,,61-46,61,46
0022001057,2021-05-14,DAL,TOR,22.58,2,1,25,DAL,DAL,reb,0,False,False,Porzingis REBOUND (Off:2 Def:4),,61-46,61,46
0022001057,2021-05-14,DAL,TOR,22.6,2,1,24,DAL,DAL,fg_make,72,False,False,Porzingis Putback Layup (12 PTS),,63-46,63,46
0022001057,2021-05-14,DAL,TOR,22.8,2,1,12,TOR,TOR,fg_make,98,False,False,,Baynes 1' Cutting Layup Shot (7 PTS) (Flynn 2 AST),63-48,63,48
0022001057,2021-05-14,DAL,TOR,23.12,2,0,53,DAL,DAL,fg_miss,75,False,False,MISS Hardaway Jr. 6' Driving Finger Roll Layup,,63-48,63,48
0022001057,2021-05-14,DAL,TOR,23.15,2,0,51,TOR,TOR,reb,0,False,False,,Gillespie REBOUND (Off:0 Def:3),63-48,63,48
0022001057,2021-05-14,DAL,TOR,23.37,2,0,38,TOR,TOR,fg_miss,73,False,False,,MISS Harris 2' Driving Reverse Layup,63-48,63,48
0022001057,2021-05-14,DAL,TOR,23.38,2,0,37,TOR,TOR,reb,0,False,False,,Gillespie REBOUND (Off:1 Def:3),63-48,63,48
0022001057,2021-05-14,DAL,TOR,23.47,2,0,32,TOR,TOR,fg3_make,1,False,False,,Harris 3PT Jump Shot (17 PTS) (Baynes 1 AST),63-51,63,51
0022001057,2021-05-14,DAL,TOR,23.73,2,0,16,DAL,DAL,fg3_miss,1,False,False,MISS Doncic 26' 3PT Jump Shot,,63-51,63,51
0022001057,2021-05-14,DAL,TOR,23.78,2,0,13,TOR,TOR,reb,0,False,False,,Flynn REBOUND (Off:1 Def:3),63-51,63,51
0022001057,2021-05-14,DAL,TOR,23.8,2,0,12,TOR,DAL,foul,28,False,False,Doncic Personal Take Foul (P2.PN) (M.Dagher),,63-51,63,51
0022001057,2021-05-14,DAL,TOR,23.8,2,0,12,TOR,TOR,ft_miss,11,False,False,,MISS Flynn Free Throw 1 of 2,63-51,63,51
0022001057,2021-05-14,DAL,TOR,23.8,2,0,12,TOR,TOR,reb,1,False,False,,Raptors Rebound,63-51,63,51
0022001057,2021-05-14,DAL,TOR,23.8,2,0,12,TOR,TOR,ft_make,12,False,False,,Flynn Free Throw 2 of 2 (12 PTS),63-52,63,52
0022001057,2021-05-14,DAL,TOR,23.97,2,0,2,DAL,DAL,fg3_make,80,False,False,Porzingis 26' 3PT Step Back Jump Shot (15 PTS) (Doncic 8 AST),,66-52,66,52
0022001057,2021-05-14,DAL,TOR,24.0,2,0,0,DAL,,period_end,0,False,False,,,66-52,66,52
0022001057,2021-05-14,DAL,TOR,24.0,3,12,0,DAL,,period_start,0,False,False,,,66-52,66,52
0022001057,2021-05-14,DAL,TOR,24.35,3,11,39,TOR,TOR,fg_miss,5,False,False,,MISS Johnson 1' Layup,66-52,66,52
0022001057,2021-05-14,DAL,TOR,24.38,3,11,37,TOR,TOR,reb,0,False,False,,Johnson REBOUND (Off:1 Def:5),66-52,66,52
0022001057,2021-05-14,DAL,TOR,24.38,3,11,37,TOR,TOR,fg_miss,97,False,False,,MISS Johnson Tip Layup Shot,66-52,66,52
0022001057,2021-05-14,DAL,TOR,24.4,3,11,36,DAL,DAL,reb,0,False,False,MAVERICKS Rebound,,66-52,66,52
0022001057,2021-05-14,DAL,TOR,24.63,3,11,22,DAL,DAL,fg_make,108,False,False,Powell 1' Cutting Dunk Shot (4 PTS) (Hardaway Jr. 3 AST),,68-52,68,52
0022001057,2021-05-14,DAL,TOR,24.93,3,11,4,TOR,TOR,fg_miss,5,False,False,,MISS Gillespie 3' Layup,68-52,68,52
0022001057,2021-05-14,DAL,TOR,25.0,3,11,0,DAL,DAL,reb,0,False,False,Doncic REBOUND (Off:0 Def:6),,68-52,68,52
0022001057,2021-05-14,DAL,TOR,25.27,3,10,44,DAL,DAL,fg3_miss,1,False,False,MISS Hardaway Jr. 26' 3PT Jump Shot,,68-52,68,52
0022001057,2021-05-14,DAL,TOR,25.32,3,10,41,TOR,TOR,reb,0,False,False,,Johnson REBOUND (Off:1 Def:6),68-52,68,52
0022001057,2021-05-14,DAL,TOR,25.5,3,10,30,TOR,TOR,fg_make,102,False,False,,Birch 5' Driving Floating Bank Jump Shot (9 PTS) (Johnson 1 AST),68-54,68,54
0022001057,2021-05-14,DAL,TOR,25.72,3,10,17,DAL,DAL,fg3_make,80,False,False,Doncic 27' 3PT Step Back Jump Shot (9 PTS),,71-54,71,54
0022001057,2021-05-14,DAL,TOR,25.98,3,10,1,TOR,TOR,fg3_miss,1,False,False,,MISS Johnson 26' 3PT Jump Shot,71-54,71,54
0022001057,2021-05-14,DAL,TOR,26.0,3,10,0,DAL,DAL,reb,0,False,False,Porzingis REBOUND (Off:2 Def:5),,71-54,71,54
0022001057,2021-05-14,DAL,TOR,26.12,3,9,53,DAL,DAL,fg3_miss,1,False,False,MISS Doncic 33' 3PT Jump Shot,,71-54,71,54
0022001057,2021-05-14,DAL,TOR,26.2,3,9,48,TOR,TOR,reb,0,False,False,,Flynn REBOUND (Off:1 Def:4),71-54,71,54
0022001057,2021-05-14,DAL,TOR,26.33,3,9,40,TOR,TOR,fg3_make,1,False,False,,Johnson 25' 3PT Jump Shot (5 PTS) (Flynn 3 AST),71-57,71,57
0022001057,2021-05-14,DAL,TOR,26.33,3,9,40,DAL,TOR,foul,14,False,False,,Gillespie FLAGRANT.FOUL.TYPE1 (P2.T1) (J.Capers),71-57,71,57
0022001057,2021-05-14,DAL,TOR,26.33,3,9,40,DAL,DAL,ft_make,18,False,False,Powell Free Throw Flagrant 1 of 2 (5 PTS),,72-57,72,57
0022001057,2021-05-14,DAL,TOR,26.33,3,9,40,DAL,DAL,ft_make,19,False,False,Powell Free Throw Flagrant 2 of 2 (6 PTS),,73-57,73,57
0022001057,2021-05-14,DAL,TOR,26.45,3,9,33,DAL,DAL,fg_miss,52,True,False,MISS Hardaway Jr. 2' Alley Oop Dunk,,73-57,73,57
0022001057,2021-05-14,DAL,TOR,26.45,3,9,33,DAL,TOR,block,52,True,False,block,block,73-57,73,57
0022001057,2021-05-14,DAL,TOR,26.48,3,9,31,TOR,TOR,reb,0,False,False,,Johnson REBOUND (Off:1 Def:7),73-57,73,57
0022001057,2021-05-14,DAL,TOR,26.62,3,9,23,TOR,TOR,fg_miss,79,False,False,,MISS Johnson 16' Pullup Jump Shot,73-57,73,57
0022001057,2021-05-14,DAL,TOR,26.65,3,9,21,DAL,DAL,reb,0,False,False,Finney-Smith REBOUND (Off:0 Def:2),,73-57,73,57
0022001057,2021-05-14,DAL,TOR,26.82,3,9,11,DAL,DAL,fg3_miss,1,False,False,MISS Porzingis 26' 3PT Jump Shot,,73-57,73,57
0022001057,2021-05-14,DAL,TOR,26.87,3,9,8,TOR,TOR,reb,0,False,False,,Gillespie REBOUND (Off:1 Def:4),73-57,73,57
0022001057,2021-05-14,DAL,TOR,27.05,3,8,57,TOR,TOR,fg3_miss,1,False,False,,MISS Flynn 25' 3PT Jump Shot,73-57,73,57
0022001057,2021-05-14,DAL,TOR,27.1,3,8,54,DAL,DAL,reb,0,False,False,Finney-Smith REBOUND (Off:0 Def:3),,73-57,73,57
0022001057,2021-05-14,DAL,TOR,27.43,3,8,34,DAL,DAL,fg3_miss,1,False,False,MISS Doncic 37' 3PT Jump Shot,,73-57,73,57
0022001057,2021-05-14,DAL,TOR,27.45,3,8,33,DAL,DAL,reb,0,False,False,MAVERICKS Rebound,,73-57,73,57
0022001057,2021-05-14,DAL,TOR,27.45,3,8,33,DAL,DAL,tov,11,False,False,MAVERICKS Turnover: Shot Clock (T#5),,73-57,73,57
0022001057,2021-05-14,DAL,TOR,27.62,3,8,23,TOR,TOR,fg3_miss,1,False,False,,MISS Birch 25' 3PT Jump Shot,73-57,73,57
0022001057,2021-05-14,DAL,TOR,27.67,3,8,20,DAL,DAL,reb,0,False,False,Doncic REBOUND (Off:0 Def:7),,73-57,73,57
0022001057,2021-05-14,DAL,TOR,27.93,3,8,4,DAL,TOR,foul,2,False,False,,Gillespie S.FOUL (P3.T2) (M.Dagher),73-57,73,57
0022001057,2021-05-14,DAL,TOR,27.93,3,8,4,DAL,DAL,ft_make,13,False,False,Doncic Free Throw 1 of 3 (10 PTS),,74-57,74,57
0022001057,2021-05-14,DAL,TOR,27.93,3,8,4,DAL,DAL,ft_make,14,False,False,Doncic Free Throw 2 of 3 (11 PTS),,75-57,75,57
0022001057,2021-05-14,DAL,TOR,27.93,3,8,4,DAL,DAL,ft_make,15,False,False,Doncic Free Throw 3 of 3 (12 PTS),,76-57,76,57
0022001057,2021-05-14,DAL,TOR,28.17,3,7,50,TOR,TOR,fg_make,63,False,False,,Harris 18' Fadeaway Jumper (19 PTS),76-59,76,59
0022001057,2021-05-14,DAL,TOR,28.62,3,7,23,DAL,DAL,fg_miss,1,False,False,MISS Hardaway Jr. 17' Jump Shot,,76-59,76,59
0022001057,2021-05-14,DAL,TOR,28.67,3,7,20,TOR,TOR,reb,0,False,False,,Bembry REBOUND (Off:0 Def:3),76-59,76,59
0022001057,2021-05-14,DAL,TOR,28.82,3,7,11,TOR,TOR,fg_make,73,False,False,,Bembry 1' Driving Reverse Layup (7 PTS) (Flynn 4 AST),76-61,76,61
0022001057,2021-05-14,DAL,TOR,28.83,3,7,10,DAL,DAL,timeout,1,False,False,MAVERICKS Timeout: Regular (Full 3 Short 0),,76-61,76,61
0022001057,2021-05-14,DAL,TOR,29.07,3,6,56,DAL,TOR,foul,2,False,False,,Flynn S.FOUL (P2.T3) (J.Capers),76-61,76,61
0022001057,2021-05-14,DAL,TOR,29.07,3,6,56,DAL,DAL,ft_make,11,False,False,Hardaway Jr. Free Throw 1 of 2 (3 PTS),,77-61,77,61
0022001057,2021-05-14,DAL,TOR,29.07,3,6,56,DAL,DAL,ft_make,12,False,False,Hardaway Jr. Free Throw 2 of 2 (4 PTS),,78-61,78,61
0022001057,2021-05-14,DAL,TOR,29.25,3,6,45,TOR,TOR,fg3_make,79,False,False,,Harris 3PT Pullup Jump Shot (22 PTS),78-64,78,64
0022001057,2021-05-14,DAL,TOR,29.62,3,6,23,DAL,TOR,foul,2,False,False,,Bembry S.FOUL (P1.T4) (M.Dagher),78-64,78,64
0022001057,2021-05-14,DAL,TOR,29.62,3,6,23,DAL,DAL,ft_make,11,False,False,Powell Free Throw 1 of 2 (7 PTS),,79-64,79,64
0022001057,2021-05-14,DAL,TOR,29.62,3,6,23,DAL,DAL,ft_miss,12,False,False,MISS Powell Free Throw 2 of 2,,79-64,79,64
0022001057,2021-05-14,DAL,TOR,29.65,3,6,21,DAL,DAL,reb,0,False,False,Porzingis REBOUND (Off:3 Def:5),,79-64,79,64
0022001057,2021-05-14,DAL,TOR,29.67,3,6,20,DAL,DAL,fg_miss,97,False,False,MISS Porzingis Tip Layup Shot,,79-64,79,64
0022001057,2021-05-14,DAL,TOR,29.67,3,6,20,DAL,DAL,reb,0,False,False,Porzingis REBOUND (Off:4 Def:5),,79-64,79,64
0022001057,2021-05-14,DAL,TOR,29.68,3,6,19,DAL,DAL,fg_miss,97,False,False,MISS Porzingis Tip Layup Shot,,79-64,79,64
0022001057,2021-05-14,DAL,TOR,29.68,3,6,19,TOR,TOR,reb,0,False,False,,Gillespie REBOUND (Off:1 Def:5),79-64,79,64
0022001057,2021-05-14,DAL,TOR,29.68,3,6,19,TOR,TOR,tov,39,False,False,,Gillespie Step Out of Bounds Turnover (P1.T9),79-64,79,64
0022001057,2021-05-14,DAL,TOR,29.82,3,6,11,DAL,DAL,fg3_make,1,False,False,Hardaway Jr. 3PT Jump Shot (7 PTS) (Porzingis 2 AST),,82-64,82,64
0022001057,2021-05-14,DAL,TOR,30.03,3,5,58,TOR,TOR,fg_make,5,False,False,,Flynn 2' Layup (14 PTS),82-66,82,66
0022001057,2021-05-14,DAL,TOR,30.22,3,5,47,DAL,DAL,fg_make,1,False,False,Porzingis 19' Jump Shot (17 PTS) (Doncic 9 AST),,84-66,84,66
0022001057,2021-05-14,DAL,TOR,30.38,3,5,37,TOR,DAL,foul,1,False,False,Finney-Smith P.FOUL (P3.T1) (C.Blair),,84-66,84,66
0022001057,2021-05-14,DAL,TOR,30.62,3,5,23,TOR,TOR,fg_make,108,False,False,,Baynes 2' Cutting Dunk Shot (9 PTS) (Flynn 5 AST),84-68,84,68
0022001057,2021-05-14,DAL,TOR,30.62,3,5,23,TOR,DAL,foul,2,False,False,Porzingis S.FOUL (P1.T2) (J.Capers),,84-68,84,68
0022001057,2021-05-14,DAL,TOR,30.62,3,5,23,TOR,TOR,ft_make,10,False,False,,Baynes Free Throw 1 of 1 (10 PTS),84-69,84,69
0022001057,2021-05-14,DAL,TOR,30.93,3,5,4,DAL,DAL,fg_miss,78,False,False,MISS Porzingis 8' Floating Jump Shot,,84-69,84,69
0022001057,2021-05-14,DAL,TOR,30.98,3,5,1,TOR,TOR,reb,0,False,False,,Baynes REBOUND (Off:0 Def:3),84-69,84,69
0022001057,2021-05-14,DAL,TOR,31.15,3,4,51,TOR,TOR,fg3_make,1,False,False,,Flynn 25' 3PT Jump Shot (17 PTS),84-72,84,72
0022001057,2021-05-14,DAL,TOR,31.52,3,4,29,DAL,DAL,fg_make,102,False,False,Finney-Smith 4' Driving Floating Bank Jump Shot (11 PTS) (Richardson 1 AST),,86-72,86,72
0022001057,2021-05-14,DAL,TOR,31.9,3,4,6,TOR,TOR,fg_make,9,False,False,,Harris Driving Dunk (24 PTS),86-74,86,74
0022001057,2021-05-14,DAL,TOR,32.1,3,3,54,DAL,DAL,tov,2,False,True,Brunson Lost Ball Turnover (P2.T6),,86-74,86,74
0022001057,2021-05-14,DAL,TOR,32.1,3,3,54,DAL,TOR,steal,2,False,True,steal,steal,86-74,86,74
0022001057,2021-05-14,DAL,TOR,32.13,3,3,52,TOR,DAL,foul,1,False,False,Cauley-Stein P.FOUL (P2.T3) (M.Dagher),,86-74,86,74
0022001057,2021-05-14,DAL,TOR,32.22,3,3,47,TOR,TOR,fg3_miss,79,False,False,,MISS Harris 25' 3PT Pullup Jump Shot,86-74,86,74
0022001057,2021-05-14,DAL,TOR,32.28,3,3,43,DAL,DAL,reb,0,False,False,Cauley-Stein REBOUND (Off:0 Def:1),,86-74,86,74
0022001057,2021-05-14,DAL,TOR,32.58,3,3,25,DAL,DAL,tov,1,False,True,Richardson Bad Pass Turnover (P1.T7),,86-74,86,74
0022001057,2021-05-14,DAL,TOR,32.58,3,3,25,TOR,DAL,foul,28,False,False,Porzingis Personal Take Foul (P2.T4) (J.Capers),,86-74,86,74
0022001057,2021-05-14,DAL,TOR,32.58,3,3,25,DAL,TOR,steal,1,False,True,steal,steal,86-74,86,74
0022001057,2021-05-14,DAL,TOR,32.88,3,3,7,TOR,DAL,foul,2,False,False,Cauley-Stein S.FOUL (P3.PN) (M.Dagher),,86-74,86,74
0022001057,2021-05-14,DAL,TOR,32.88,3,3,7,TOR,TOR,ft_make,11,False,False,,Harris Free Throw 1 of 2 (25 PTS),86-75,86,75
0022001057,2021-05-14,DAL,TOR,32.88,3,3,7,TOR,TOR,ft_make,12,False,False,,Harris Free Throw 2 of 2 (26 PTS),86-76,86,76
0022001057,2021-05-14,DAL,TOR,33.3,3,2,42,DAL,DAL,fg3_miss,1,False,False,MISS Finney-Smith 25' 3PT Jump Shot,,86-76,86,76
0022001057,2021-05-14,DAL,TOR,33.37,3,2,38,DAL,DAL,reb,0,False,False,Porzingis REBOUND (Off:5 Def:5),,86-76,86,76
0022001057,2021-05-14,DAL,TOR,33.37,3,2,38,DAL,DAL,fg_make,107,False,False,Porzingis Tip Dunk Shot (19 PTS),,88-76,88,76
0022001057,2021-05-14,DAL,TOR,33.5,3,2,30,TOR,TOR,tov,40,False,False,,Harris Out of Bounds Lost Ball Turnover (P2.T10),88-76,88,76
0022001057,2021-05-14,DAL,TOR,33.5,3,2,30,TOR,TOR,timeout,1,False,False,,Raptors Timeout: Regular (Reg.3 Short 0),88-76,88,76
0022001057,2021-05-14,DAL,TOR,33.67,3,2,20,DAL,DAL,fg_make,99,False,False,Brunson 1' Cutting Finger Roll Layup Shot (17 PTS) (Doncic 10 AST),,90-76,90,76
0022001057,2021-05-14,DAL,TOR,33.93,3,2,4,TOR,TOR,fg3_miss,1,False,False,,MISS Harris 24' 3PT Jump Shot,90-76,90,76
0022001057,2021-05-14,DAL,TOR,33.97,3,2,2,DAL,DAL,reb,0,False,False,Doncic REBOUND (Off:0 Def:8),,90-76,90,76
0022001057,2021-05-14,DAL,TOR,34.18,3,1,49,DAL,DAL,fg_make,101,False,False,Brunson 20' Driving Floating Jump Shot (19 PTS),,92-76,92,76
0022001057,2021-05-14,DAL,TOR,34.38,3,1,37,DAL,TOR,foul,4,False,False,,Baynes OFF.Foul (P1) (J.Capers),92-76,92,76
0022001057,2021-05-14,DAL,TOR,34.38,3,1,37,TOR,TOR,tov,37,False,False,,Baynes Offensive Foul Turnover (P1.T11),92-76,92,76
0022001057,2021-05-14,DAL,TOR,34.63,3,1,22,DAL,DAL,fg3_miss,80,False,False,MISS Brunson 26' 3PT Step Back Jump Shot,,92-76,92,76
0022001057,2021-05-14,DAL,TOR,34.67,3,1,20,TOR,TOR,reb,0,False,False,,Baynes REBOUND (Off:0 Def:4),92-76,92,76
0022001057,2021-05-14,DAL,TOR,34.78,3,1,13,TOR,TOR,fg3_make,1,False,False,,Baynes 25' 3PT Jump Shot (13 PTS) (Harris 3 AST),92-79,92,79
0022001057,2021-05-14,DAL,TOR,35.02,3,0,59,DAL,DAL,fg_miss,79,False,False,MISS Brunson 20' Pullup Jump Shot,,92-79,92,79
0022001057,2021-05-14,DAL,TOR,35.07,3,0,56,TOR,TOR,reb,0,False,False,,Bembry REBOUND (Off:0 Def:4),92-79,92,79
0022001057,2021-05-14,DAL,TOR,35.17,3,0,50,TOR,TOR,fg3_make,79,False,False,,Harris 28' 3PT Pullup Jump Shot (29 PTS) (Bembry 4 AST),92-82,92,82
0022001057,2021-05-14,DAL,TOR,35.45,3,0,33,DAL,DAL,fg3_miss,80,False,False,MISS Doncic 26' 3PT Step Back Jump Shot,,92-82,92,82
0022001057,2021-05-14,DAL,TOR,35.53,3,0,28,TOR,TOR,reb,0,False,False,,Bembry REBOUND (Off:0 Def:5),92-82,92,82
0022001057,2021-05-14,DAL,TOR,35.58,3,0,25,TOR,DAL,foul,2,False,False,Cauley-Stein S.FOUL (P4.PN) (J.Capers),,92-82,92,82
0022001057,2021-05-14,DAL,TOR,35.58,3,0,25,TOR,TOR,ft_miss,11,False,False,,MISS Bembry Free Throw 1 of 2,92-82,92,82
0022001057,2021-05-14,DAL,TOR,35.58,3,0,25,TOR,TOR,reb,1,False,False,,Raptors Rebound,92-82,92,82
0022001057,2021-05-14,DAL,TOR,35.58,3,0,25,TOR,TOR,ft_make,12,False,False,,Bembry Free Throw 2 of 2 (8 PTS),92-83,92,83
0022001057,2021-05-14,DAL,TOR,35.93,3,0,4,DAL,DAL,fg_miss,101,True,False,MISS Burke 10' Driving Floating Jump Shot,,92-83,92,83
0022001057,2021-05-14,DAL,TOR,35.93,3,0,4,DAL,TOR,block,101,True,False,block,block,92-83,92,83
0022001057,2021-05-14,DAL,TOR,35.98,3,0,1,DAL,DAL,reb,0,False,False,Burke REBOUND (Off:1 Def:1),,92-83,92,83
0022001057,2021-05-14,DAL,TOR,36.0,3,0,0,DAL,DAL,fg3_miss,1,False,False,MISS Melli 24' 3PT Jump Shot,,92-83,92,83
0022001057,2021-05-14,DAL,TOR,36.0,3,0,0,TOR,TOR,reb,0,False,False,,Baynes REBOUND (Off:0 Def:5),92-83,92,83
0022001057,2021-05-14,DAL,TOR,36.0,3,0,0,TOR,,period_end,0,False,False,,,92-83,92,83
0022001057,2021-05-14,DAL,TOR,36.0,4,12,0,TOR,,period_start,0,False,False,,,92-83,92,83
0022001057,2021-05-14,DAL,TOR,36.32,4,11,41,DAL,DAL,fg3_miss,1,False,False,MISS Burke 26' 3PT Jump Shot,,92-83,92,83
0022001057,2021-05-14,DAL,TOR,36.38,4,11,37,DAL,DAL,reb,0,False,False,Melli REBOUND (Off:2 Def:1),,92-83,92,83
0022001057,2021-05-14,DAL,TOR,36.43,4,11,34,DAL,DAL,fg_make,1,False,False,Burke 11' Jump Shot (7 PTS) (Melli 1 AST),,94-83,94,83
0022001057,2021-05-14,DAL,TOR,36.6,4,11,24,TOR,DAL,foul,1,False,False,Burke P.FOUL (P1.T1) (M.Dagher),,94-83,94,83
0022001057,2021-05-14,DAL,TOR,36.78,4,11,13,TOR,TOR,fg_make,102,False,False,,Johnson 5' Driving Floating Bank Jump Shot (7 PTS) (Bembry 5 AST),94-85,94,85
0022001057,2021-05-14,DAL,TOR,36.78,4,11,13,TOR,DAL,foul,2,False,False,Doncic S.FOUL (P3.T2) (C.Blair),,94-85,94,85
0022001057,2021-05-14,DAL,TOR,36.78,4,11,13,TOR,TOR,ft_make,10,False,False,,Johnson Free Throw 1 of 1 (8 PTS),94-86,94,86
0022001057,2021-05-14,DAL,TOR,37.05,4,10,57,DAL,DAL,fg_miss,79,False,False,MISS Richardson 14' Pullup Jump Shot,,94-86,94,86
0022001057,2021-05-14,DAL,TOR,37.1,4,10,54,TOR,TOR,reb,0,False,False,,Flynn REBOUND (Off:1 Def:5),94-86,94,86
0022001057,2021-05-14,DAL,TOR,37.33,4,10,40,TOR,TOR,fg3_miss,1,False,False,,MISS Johnson 28' 3PT Jump Shot,94-86,94,86
0022001057,2021-05-14,DAL,TOR,37.37,4,10,38,DAL,DAL,reb,0,False,False,Cauley-Stein REBOUND (Off:0 Def:2),,94-86,94,86
0022001057,2021-05-14,DAL,TOR,37.58,4,10,25,DAL,DAL,tov,1,False,True,Burke Bad Pass Turnover (P1.T8),,94-86,94,86
0022001057,2021-05-14,DAL,TOR,37.58,4,10,25,TOR,DAL,foul,28,False,False,Doncic Personal Take Foul (P4.T3) (J.Capers),,94-86,94,86
0022001057,2021-05-14,DAL,TOR,37.58,4,10,25,DAL,TOR,steal,1,False,True,steal,steal,94-86,94,86
0022001057,2021-05-14,DAL,TOR,37.93,4,10,4,TOR,TOR,fg_miss,80,True,False,,MISS Johnson 12' Step Back Jump Shot,94-86,94,86
0022001057,2021-05-14,DAL,TOR,37.93,4,10,4,TOR,DAL,block,80,True,False,block,block,94-86,94,86
0022001057,2021-05-14,DAL,TOR,38.0,4,10,0,TOR,TOR,reb,0,False,False,,Johnson REBOUND (Off:2 Def:7),94-86,94,86
0022001057,2021-05-14,DAL,TOR,38.02,4,9,59,TOR,TOR,fg_make,1,False,False,,Johnson 9' Jump Shot (10 PTS),94-88,94,88
0022001057,2021-05-14,DAL,TOR,38.2,4,9,48,DAL,DAL,fg_miss,1,False,False,MISS Doncic 6' Jump Shot,,94-88,94,88
0022001057,2021-05-14,DAL,TOR,38.2,4,9,48,DAL,DAL,reb,0,False,False,Doncic REBOUND (Off:1 Def:8),,94-88,94,88
0022001057,2021-05-14,DAL,TOR,38.27,4,9,44,DAL,DAL,fg_make,72,False,False,Doncic 3' Putback Layup (14 PTS),,96-88,96,88
0022001057,2021-05-14,DAL,TOR,38.53,4,9,28,TOR,TOR,fg_miss,3,False,False,,MISS Johnson 2' Hook Shot,96-88,96,88
0022001057,2021-05-14,DAL,TOR,38.57,4,9,26,DAL,DAL,reb,0,False,False,Melli REBOUND (Off:2 Def:2),,96-88,96,88
0022001057,2021-05-14,DAL,TOR,38.65,4,9,21,DAL,DAL,fg3_miss,79,False,False,MISS Doncic 26' 3PT Pullup Jump Shot,,96-88,96,88
0022001057,2021-05-14,DAL,TOR,38.72,4,9,17,DAL,DAL,reb,0,False,False,Powell REBOUND (Off:1 Def:1),,96-88,96,88
0022001057,2021-05-14,DAL,TOR,38.8,4,9,12,DAL,DAL,fg3_miss,1,False,False,MISS Hardaway Jr. 26' 3PT Jump Shot,,96-88,96,88
0022001057,2021-05-14,DAL,TOR,38.85,4,9,9,TOR,TOR,reb,0,False,False,,Baynes REBOUND (Off:0 Def:6),96-88,96,88
0022001057,2021-05-14,DAL,TOR,39.12,4,8,53,TOR,TOR,fg_miss,80,False,False,,MISS Flynn 22' Step Back Jump Shot,96-88,96,88
0022001057,2021-05-14,DAL,TOR,39.18,4,8,49,DAL,DAL,reb,0,False,False,Doncic REBOUND (Off:1 Def:9),,96-88,96,88
0022001057,2021-05-14,DAL,TOR,39.42,4,8,35,DAL,TOR,foul,1,False,False,,Birch P.FOUL (P4.T1) (C.Blair),96-88,96,88
0022001057,2021-05-14,DAL,TOR,39.45,4,8,33,DAL,TOR,foul,1,False,False,,Johnson P.FOUL (P3.T2) (J.Capers),96-88,96,88
0022001057,2021-05-14,DAL,TOR,39.57,4,8,26,DAL,DAL,fg_miss,63,False,False,MISS Doncic 11' Fadeaway Jumper,,96-88,96,88
0022001057,2021-05-14,DAL,TOR,39.67,4,8,20,TOR,TOR,reb,0,False,False,,Birch REBOUND (Off:0 Def:4),96-88,96,88
0022001057,2021-05-14,DAL,TOR,39.95,4,8,3,TOR,TOR,fg3_miss,1,False,False,,MISS Johnson 25' 3PT Jump Shot,96-88,96,88
0022001057,2021-05-14,DAL,TOR,40.0,4,8,0,DAL,DAL,reb,0,False,False,Hardaway Jr. REBOUND (Off:0 Def:1),,96-88,96,88
0022001057,2021-05-14,DAL,TOR,40.17,4,7,50,DAL,DAL,fg3_miss,1,False,False,MISS Doncic 25' 3PT Jump Shot,,96-88,96,88
0022001057,2021-05-14,DAL,TOR,40.2,4,7,48,TOR,TOR,reb,0,False,False,,Gillespie REBOUND (Off:1 Def:6),96-88,96,88
0022001057,2021-05-14,DAL,TOR,40.23,4,7,46,TOR,TOR,tov,1,False,True,,Gillespie Bad Pass Turnover (P2.T12),96-88,96,88
0022001057,2021-05-14,DAL,TOR,40.23,4,7,46,TOR,DAL,steal,1,False,True,steal,steal,96-88,96,88
0022001057,2021-05-14,DAL,TOR,40.5,4,7,30,DAL,DAL,fg_make,75,False,False,Doncic Driving Finger Roll Layup (16 PTS),,98-88,98,88
0022001057,2021-05-14,DAL,TOR,40.75,4,7,15,TOR,TOR,timeout,1,False,False,,Raptors Timeout: Regular (Reg.4 Short 0),98-88,98,88
0022001057,2021-05-14,DAL,TOR,40.92,4,7,5,TOR,TOR,fg3_miss,1,False,False,,MISS Birch 25' 3PT Jump Shot,98-88,98,88
0022001057,2021-05-14,DAL,TOR,40.92,4,7,5,DAL,DAL,reb,0,False,False,MAVERICKS Rebound,,98-88,98,88
0022001057,2021-05-14,DAL,TOR,41.13,4,6,52,DAL,DAL,fg_make,86,False,False,Doncic 9' Turnaround Fadeaway (18 PTS),,100-88,100,88
0022001057,2021-05-14,DAL,TOR,41.38,4,6,37,TOR,TOR,fg_make,1,False,False,,Birch 7' Jump Shot (11 PTS) (Harris 4 AST),100-90,100,90
0022001057,2021-05-14,DAL,TOR,41.65,4,6,21,DAL,DAL,fg_miss,5,True,False,MISS Powell 3' Layup,,100-90,100,90
0022001057,2021-05-14,DAL,TOR,41.65,4,6,21,DAL,TOR,block,5,True,False,block,block,100-90,100,90
0022001057,2021-05-14,DAL,TOR,41.68,4,6,19,TOR,TOR,reb,0,False,False,,Bembry REBOUND (Off:0 Def:6),100-90,100,90
0022001057,2021-05-14,DAL,TOR,41.82,4,6,11,TOR,TOR,fg_make,6,False,False,,Johnson 6' Driving Layup (12 PTS),100-92,100,92
0022001057,2021-05-14,DAL,TOR,42.12,4,5,53,DAL,DAL,fg_make,108,False,False,Porzingis 1' Cutting Dunk Shot (21 PTS) (Hardaway Jr. 4 AST),,102-92,102,92
0022001057,2021-05-14,DAL,TOR,42.38,4,5,37,TOR,TOR,fg_make,57,False,False,,Harris 1' Driving Hook Shot (31 PTS),102-94,102,94
0022001057,2021-05-14,DAL,TOR,42.72,4,5,17,DAL,DAL,fg3_miss,80,False,False,MISS Hardaway Jr. 25' 3PT Step Back Jump Shot,,102-94,102,94
0022001057,2021-05-14,DAL,TOR,42.75,4,5,15,TOR,TOR,reb,0,False,False,,Birch REBOUND (Off:0 Def:5),102-94,102,94
0022001057,2021-05-14,DAL,TOR,43.05,4,4,57,TOR,TOR,fg3_miss,1,False,False,,MISS Birch 25' 3PT Jump Shot,102-94,102,94
0022001057,2021-05-14,DAL,TOR,43.12,4,4,53,DAL,DAL,reb,0,False,False,Powell REBOUND (Off:1 Def:2),,102-94,102,94
0022001057,2021-05-14,DAL,TOR,43.32,4,4,41,DAL,DAL,fg3_miss,1,False,False,MISS Hardaway Jr. 25' 3PT Jump Shot,,102-94,102,94
0022001057,2021-05-14,DAL,TOR,43.37,4,4,38,TOR,TOR,reb,0,False,False,,Birch REBOUND (Off:0 Def:6),102-94,102,94
0022001057,2021-05-14,DAL,TOR,43.5,4,4,30,TOR,TOR,timeout,1,False,False,,Raptors Timeout: Regular (Reg.5 Short 0),102-94,102,94
0022001057,2021-05-14,DAL,TOR,43.67,4,4,20,TOR,TOR,fg3_make,1,False,False,,Johnson 25' 3PT Jump Shot (15 PTS) (Bembry 6 AST),102-97,102,97
0022001057,2021-05-14,DAL,TOR,44.02,4,3,59,DAL,DAL,fg3_make,1,False,False,Finney-Smith 3PT Jump Shot (14 PTS) (Doncic 11 AST),,105-97,105,97
0022001057,2021-05-14,DAL,TOR,44.28,4,3,43,TOR,TOR,fg_make,6,False,False,,Flynn 2' Driving Layup (19 PTS),105-99,105,99
0022001057,2021-05-14,DAL,TOR,44.77,4,3,14,DAL,DAL,tov,11,False,False,MAVERICKS Turnover: Shot Clock (T#9),,105-99,105,99
0022001057,2021-05-14,DAL,TOR,44.77,4,3,14,DAL,DAL,timeout,1,False,False,MAVERICKS Timeout: Regular (Full 4 Short 0),,105-99,105,99
0022001057,2021-05-14,DAL,TOR,45.02,4,2,59,TOR,TOR,fg3_make,79,False,False,,Flynn 24' 3PT Pullup Jump Shot (22 PTS),105-102,105,102
0022001057,2021-05-14,DAL,TOR,45.47,4,2,32,DAL,DAL,fg3_make,1,False,False,Finney-Smith 3PT Jump Shot (17 PTS) (Brunson 4 AST),,108-102,108,102
0022001057,2021-05-14,DAL,TOR,45.85,4,2,9,TOR,TOR,fg_miss,101,False,False,,MISS Flynn 10' Driving Floating Jump Shot,108-102,108,102
0022001057,2021-05-14,DAL,TOR,45.88,4,2,7,DAL,DAL,reb,0,False,False,Powell REBOUND (Off:1 Def:3),,108-102,108,102
0022001057,2021-05-14,DAL,TOR,46.1,4,1,54,DAL,DAL,fg_make,9,False,False,Doncic 1' Driving Dunk (20 PTS),,110-102,110,102
0022001057,2021-05-14,DAL,TOR,46.35,4,1,39,TOR,DAL,foul,2,False,False,Porzingis S.FOUL (P3.T4) (J.Capers),,110-102,110,102
0022001057,2021-05-14,DAL,TOR,46.35,4,1,39,TOR,TOR,ft_make,11,False,False,,Birch Free Throw 1 of 2 (12 PTS),110-103,110,103
0022001057,2021-05-14,DAL,TOR,46.35,4,1,39,TOR,TOR,ft_make,12,False,False,,Birch Free Throw 2 of 2 (13 PTS),110-104,110,104
0022001057,2021-05-14,DAL,TOR,46.58,4,1,25,DAL,DAL,fg_miss,79,False,False,MISS Brunson 23' Pullup Jump Shot,,110-104,110,104
0022001057,2021-05-14,DAL,TOR,46.63,4,1,22,TOR,TOR,reb,0,False,False,,Bembry REBOUND (Off:0 Def:7),110-104,110,104
0022001057,2021-05-14,DAL,TOR,46.67,4,1,20,TOR,TOR,fg_miss,41,True,False,,MISS Flynn 6' Running Layup,110-104,110,104
0022001057,2021-05-14,DAL,TOR,46.67,4,1,20,TOR,DAL,block,41,True,False,block,block,110-104,110,104
0022001057,2021-05-14,DAL,TOR,46.68,4,1,19,DAL,DAL,reb,0,False,False,MAVERICKS Rebound,,110-104,110,104
0022001057,2021-05-14,DAL,TOR,47.08,4,0,55,DAL,DAL,tov,2,False,True,Doncic Lost Ball Turnover (P1.T10),,110-104,110,104
0022001057,2021-05-14,DAL,TOR,47.08,4,0,55,DAL,TOR,steal,2,False,True,steal,steal,110-104,110,104
0022001057,2021-05-14,DAL,TOR,47.12,4,0,53,TOR,TOR,fg_make,41,False,False,,Flynn 2' Running Layup (24 PTS),110-106,110,106
0022001057,2021-05-14,DAL,TOR,47.12,4,0,53,DAL,DAL,timeout,1,False,False,MAVERICKS Timeout: Regular (Full 5 Short 0),,110-106,110,106
0022001057,2021-05-14,DAL,TOR,47.5,4,0,30,DAL,DAL,fg_miss,63,False,False,MISS Porzingis 20' Fadeaway Jumper,,110-106,110,106
0022001057,2021-05-14,DAL,TOR,47.55,4,0,27,TOR,TOR,reb,0,False,False,,Johnson REBOUND (Off:2 Def:8),110-106,110,106
0022001057,2021-05-14,DAL,TOR,47.65,4,0,21,TOR,TOR,fg3_miss,1,False,False,,MISS Flynn 25' 3PT Jump Shot,110-106,110,106
0022001057,2021-05-14,DAL,TOR,47.7,4,0,18,TOR,TOR,reb,0,False,False,,Raptors Rebound,110-106,110,106
0022001057,2021-05-14,DAL,TOR,47.78,4,0,13,,DAL,jump_ball,0,False,False,,,110-106,110,106
0022001057,2021-05-14,DAL,TOR,47.78,4,0,13,TOR,TOR,timeout,1,False,False,,Raptors Timeout: Regular (Reg.6 Short 0),110-106,110,106
0022001057,2021-05-14,DAL,TOR,47.78,4,0,13,TOR,DAL,foul,2,False,False,Porzingis S.FOUL (P4.PN) (C.Blair),,110-106,110,106
0022001057,2021-05-14,DAL,TOR,47.78,4,0,13,TOR,TOR,ft_make,11,False,False,,Gillespie Free Throw 1 of 2 (3 PTS),110-107,110,107
0022001057,2021-05-14,DAL,TOR,47.78,4,0,13,TOR,TOR,ft_make,12,False,False,,Gillespie Free Throw 2 of 2 (4 PTS),110-108,110,108
0022001057,2021-05-14,DAL,TOR,47.82,4,0,11,DAL,TOR,foul,1,False,False,,Bembry P.FOUL (P2.T3) (M.Dagher),110-108,110,108
0022001057,2021-05-14,DAL,TOR,47.85,4,0,9,DAL,TOR,foul,28,False,False,,Bembry Personal Take Foul (P3.PN) (M.Dagher),110-108,110,108
0022001057,2021-05-14,DAL,TOR,47.85,4,0,9,DAL,DAL,ft_make,11,False,False,Richardson Free Throw 1 of 2 (7 PTS),,111-108,111,108
0022001057,2021-05-14,DAL,TOR,47.85,4,0,9,DAL,DAL,ft_make,12,False,False,Richardson Free Throw 2 of 2 (8 PTS),,112-108,112,108
0022001057,2021-05-14,DAL,TOR,47.93,4,0,4,TOR,TOR,fg_make,6,False,False,,Flynn 1' Driving Layup (26 PTS),112-110,112,110
0022001057,2021-05-14,DAL,TOR,47.93,4,0,4,DAL,DAL,timeout,1,False,False,MAVERICKS Timeout: Regular (Full 6 Short 0),,112-110,112,110
0022001057,2021-05-14,DAL,TOR,47.95,4,0,3,DAL,TOR,foul,28,False,False,,Bembry Personal Take Foul (P4.PN) (J.Capers),112-110,112,110
0022001057,2021-05-14,DAL,TOR,47.95,4,0,3,DAL,DAL,ft_make,11,False,False,Richardson Free Throw 1 of 2 (9 PTS),,113-110,113,110
0022001057,2021-05-14,DAL,TOR,47.95,4,0,3,DAL,DAL,ft_make,12,False,False,Richardson Free Throw 2 of 2 (10 PTS),,114-110,114,110
0022001057,2021-05-14,DAL,TOR,47.95,4,0,3,TOR,TOR,timeout,1,False,False,,Raptors Timeout: Regular (Reg.7 Short 0),114-110,114,110
0022001057,2021-05-14,DAL,TOR,47.98,4,0,1,TOR,TOR,fg3_miss,79,False,False,,MISS Harris 24' 3PT Pullup Jump Shot,114-110,114,110
0022001057,2021-05-14,DAL,TOR,47.98,4,0,1,DAL,DAL,reb,0,False,False,Brunson REBOUND (Off:0 Def:5),,114-110,114,110
0022001057,2021-05-14,DAL,TOR,48.0,4,0,0,DAL,,period_end,0,False,False,,,114-110,114,110
