game_id,date,home,vis,period,mins,secs,pos,team,event,event_deets,block,steal,home_desc,vis_desc,home_score,vis_score
0022100732,2022-01-26,POR,DAL,1,12,0,,,period_start,0,False,False,,,0,0
0022100732,2022-01-26,POR,DAL,1,12,0,,POR,jump_ball,0,False,False,Jump Ball Nurkic vs. Porzingis: Tip to Simons,,0,0
0022100732,2022-01-26,POR,DAL,1,11,44,POR,POR,tov,1,False,True,Nurkic Bad Pass Turnover (P1.T1),,0,0
0022100732,2022-01-26,POR,DAL,1,11,44,POR,DAL,steal,1,False,True,steal,steal,0,0
0022100732,2022-01-26,POR,DAL,1,11,31,DAL,DAL,fg_make,51,False,False,,Porzingis Reverse Dunk (2 PTS) (Brunson 1 AST),2,0
0022100732,2022-01-26,POR,DAL,1,11,12,POR,POR,tov,1,False,True,Nurkic Bad Pass Turnover (P2.T2),,2,0
0022100732,2022-01-26,POR,DAL,1,11,12,POR,DAL,steal,1,False,True,steal,steal,2,0
0022100732,2022-01-26,POR,DAL,1,10,58,DAL,DAL,fg3_make,1,False,False,,Brunson 3PT Jump Shot (3 PTS) (Finney-Smith 1 AST),5,0
0022100732,2022-01-26,POR,DAL,1,10,45,POR,POR,fg3_miss,1,False,False,MISS McCollum 31' 3PT Jump Shot,,5,0
0022100732,2022-01-26,POR,DAL,1,10,42,DAL,DAL,reb,0,False,False,,Doncic REBOUND (Off:0 Def:1),5,0
0022100732,2022-01-26,POR,DAL,1,10,42,DAL,DAL,fg_make,41,False,False,,Finney-Smith 1' Running Layup (2 PTS) (Doncic 1 AST),7,0
0022100732,2022-01-26,POR,DAL,1,10,42,DAL,POR,foul,2,False,False,Simons S.FOUL (P1.T1) (M.Ervin),,7,0
0022100732,2022-01-26,POR,DAL,1,10,42,DAL,DAL,ft_make,10,False,False,,Finney-Smith Free Throw 1 of 1 (3 PTS),8,0
0022100732,2022-01-26,POR,DAL,1,10,34,POR,DAL,foul,1,False,False,,Porzingis P.FOUL (P1.T1) (K.Fitzgerald),8,0
0022100732,2022-01-26,POR,DAL,1,10,24,POR,POR,fg_make,6,False,False,Nurkic 1' Driving Layup (2 PTS),,8,2
0022100732,2022-01-26,POR,DAL,1,9,59,DAL,DAL,fg_miss,79,False,False,,MISS Kleber 17' Pullup Jump Shot,8,2
0022100732,2022-01-26,POR,DAL,1,9,57,POR,POR,reb,0,False,False,Nurkic REBOUND (Off:0 Def:1),,8,2
0022100732,2022-01-26,POR,DAL,1,9,45,POR,POR,fg3_make,79,False,False,Simons 25' 3PT Pullup Jump Shot (3 PTS),,8,5
0022100732,2022-01-26,POR,DAL,1,9,32,DAL,POR,foul,17,False,False,TRAIL BLAZERS T.Foul (Def. 3 Sec McCollum ) (J.Orr),,8,5
0022100732,2022-01-26,POR,DAL,1,9,32,DAL,DAL,ft_make,16,False,False,,Porzingis Free Throw Technical (3 PTS),9,5
0022100732,2022-01-26,POR,DAL,1,9,21,DAL,DAL,fg3_miss,1,False,False,,MISS Kleber 27' 3PT Jump Shot,9,5
0022100732,2022-01-26,POR,DAL,1,9,18,POR,POR,reb,0,False,False,Powell REBOUND (Off:0 Def:1),,9,5
0022100732,2022-01-26,POR,DAL,1,9,12,POR,POR,fg3_miss,2,False,False,MISS McCollum 27' 3PT Running Jump Shot,,9,5
0022100732,2022-01-26,POR,DAL,1,9,11,POR,POR,reb,0,False,False,TRAIL BLAZERS Rebound,,9,5
0022100732,2022-01-26,POR,DAL,1,9,8,POR,POR,fg_miss,1,False,False,MISS Powell 16' Jump Shot,,9,5
0022100732,2022-01-26,POR,DAL,1,9,7,DAL,DAL,reb,0,False,False,,Porzingis REBOUND (Off:0 Def:1),9,5
0022100732,2022-01-26,POR,DAL,1,8,45,DAL,DAL,fg_miss,75,False,False,,MISS Doncic 2' Driving Finger Roll Layup,9,5
0022100732,2022-01-26,POR,DAL,1,8,43,POR,POR,reb,0,False,False,Nurkic REBOUND (Off:0 Def:2),,9,5
0022100732,2022-01-26,POR,DAL,1,8,31,POR,POR,fg_make,101,False,False,Simons 13' Driving Floating Jump Shot (5 PTS) (Nurkic 1 AST),,9,7
0022100732,2022-01-26,POR,DAL,1,8,18,DAL,POR,foul,2,False,False,Nurkic S.FOUL (P1.T2) (K.Fitzgerald),,9,7
0022100732,2022-01-26,POR,DAL,1,8,18,DAL,DAL,ft_make,11,False,False,,Porzingis Free Throw 1 of 2 (4 PTS),10,7
0022100732,2022-01-26,POR,DAL,1,8,18,DAL,DAL,ft_make,12,False,False,,Porzingis Free Throw 2 of 2 (5 PTS),11,7
0022100732,2022-01-26,POR,DAL,1,8,5,POR,POR,fg_miss,57,True,False,MISS Nurkic 5' Driving Hook Shot,,11,7
0022100732,2022-01-26,POR,DAL,1,8,5,POR,DAL,block,57,True,False,block,block,11,7
0022100732,2022-01-26,POR,DAL,1,8,4,DAL,DAL,reb,0,False,False,,Porzingis REBOUND (Off:0 Def:2),11,7
0022100732,2022-01-26,POR,DAL,1,7,58,DAL,DAL,fg3_make,2,False,False,,Porzingis 31' 3PT Running Jump Shot (8 PTS) (Brunson 2 AST),14,7
0022100732,2022-01-26,POR,DAL,1,7,45,POR,POR,fg3_miss,1,False,False,MISS Nurkic 25' 3PT Jump Shot,,14,7
0022100732,2022-01-26,POR,DAL,1,7,43,DAL,DAL,reb,0,False,False,,Brunson REBOUND (Off:0 Def:1),14,7
0022100732,2022-01-26,POR,DAL,1,7,36,DAL,DAL,fg_make,73,False,False,,Brunson 1' Driving Reverse Layup (5 PTS),16,7
0022100732,2022-01-26,POR,DAL,1,7,36,POR,POR,timeout,1,False,False,TRAIL BLAZERS Timeout: Regular (Full 1 Short 0),,16,7
0022100732,2022-01-26,POR,DAL,1,7,20,POR,POR,fg_make,108,False,False,Nurkic Cutting Dunk Shot (4 PTS) (McCollum 1 AST),,16,9
0022100732,2022-01-26,POR,DAL,1,6,56,DAL,DAL,fg_make,79,False,False,,Brunson 17' Pullup Jump Shot (7 PTS),18,9
0022100732,2022-01-26,POR,DAL,1,6,40,POR,POR,fg3_miss,79,False,False,MISS McCollum 28' 3PT Pullup Jump Shot,,18,9
0022100732,2022-01-26,POR,DAL,1,6,37,DAL,DAL,reb,0,False,False,,Kleber REBOUND (Off:0 Def:1),18,9
0022100732,2022-01-26,POR,DAL,1,6,22,DAL,DAL,fg3_miss,1,False,False,,MISS Kleber 27' 3PT Jump Shot,18,9
0022100732,2022-01-26,POR,DAL,1,6,20,POR,POR,reb,0,False,False,Powell REBOUND (Off:0 Def:2),,18,9
0022100732,2022-01-26,POR,DAL,1,6,18,POR,DAL,foul,2,False,False,,Doncic S.FOUL (P1.T2) (K.Fitzgerald),18,9
0022100732,2022-01-26,POR,DAL,1,6,18,POR,POR,ft_miss,11,False,False,MISS Powell Free Throw 1 of 2,,18,9
0022100732,2022-01-26,POR,DAL,1,6,18,POR,POR,reb,1,False,False,TRAIL BLAZERS Rebound,,18,9
0022100732,2022-01-26,POR,DAL,1,6,18,POR,POR,ft_make,12,False,False,Powell Free Throw 2 of 2 (1 PTS),,18,10
0022100732,2022-01-26,POR,DAL,1,5,58,DAL,DAL,fg_make,52,False,False,,Porzingis 1' Alley Oop Dunk (10 PTS) (Doncic 2 AST),20,10
0022100732,2022-01-26,POR,DAL,1,5,48,POR,POR,fg_miss,79,False,False,MISS Simons 22' Pullup Jump Shot,,20,10
0022100732,2022-01-26,POR,DAL,1,5,48,DAL,DAL,reb,0,False,False,,Brunson REBOUND (Off:0 Def:2),20,10
0022100732,2022-01-26,POR,DAL,1,5,27,DAL,DAL,fg_miss,86,False,False,,MISS Porzingis 13' Turnaround Fadeaway Shot,20,10
0022100732,2022-01-26,POR,DAL,1,5,24,POR,POR,reb,0,False,False,Nurkic REBOUND (Off:0 Def:3),,20,10
0022100732,2022-01-26,POR,DAL,1,5,16,POR,POR,fg3_miss,1,False,False,MISS Snell 26' 3PT Jump Shot,,20,10
0022100732,2022-01-26,POR,DAL,1,5,13,DAL,DAL,reb,0,False,False,,Finney-Smith REBOUND (Off:0 Def:1),20,10
0022100732,2022-01-26,POR,DAL,1,4,57,DAL,DAL,fg_make,79,False,False,,Kleber 15' Pullup Jump Shot (2 PTS) (Doncic 3 AST),22,10
0022100732,2022-01-26,POR,DAL,1,4,39,POR,POR,fg3_make,80,False,False,Powell 26' 3PT Step Back Jump Shot (4 PTS) (Nurkic 2 AST),,22,13
0022100732,2022-01-26,POR,DAL,1,4,23,DAL,POR,foul,2,False,False,McCollum S.FOUL (P1.T3) (K.Fitzgerald),,22,13
0022100732,2022-01-26,POR,DAL,1,4,23,DAL,DAL,ft_make,11,False,False,,Doncic Free Throw 1 of 2 (1 PTS),23,13
0022100732,2022-01-26,POR,DAL,1,4,23,DAL,DAL,ft_miss,12,False,False,,MISS Doncic Free Throw 2 of 2,23,13
0022100732,2022-01-26,POR,DAL,1,4,21,DAL,DAL,reb,0,False,False,,Powell REBOUND (Off:1 Def:0),23,13
0022100732,2022-01-26,POR,DAL,1,4,16,DAL,DAL,fg_make,7,False,False,,Porzingis 1' Dunk (12 PTS) (Finney-Smith 2 AST),25,13
0022100732,2022-01-26,POR,DAL,1,3,57,POR,POR,fg3_miss,1,False,False,MISS McLemore 3PT Jump Shot,,25,13
0022100732,2022-01-26,POR,DAL,1,3,57,DAL,DAL,reb,0,False,False,,Bullock REBOUND (Off:0 Def:1),25,13
0022100732,2022-01-26,POR,DAL,1,3,46,DAL,DAL,fg_miss,43,False,False,,MISS Porzingis 2' Alley Oop Layup,25,13
0022100732,2022-01-26,POR,DAL,1,3,45,POR,POR,reb,0,False,False,Watford REBOUND (Off:0 Def:1),,25,13
0022100732,2022-01-26,POR,DAL,1,3,41,POR,DAL,foul,28,False,False,,Finney-Smith Personal Take Foul (P1.T3) (K.Fitzgerald),25,13
0022100732,2022-01-26,POR,DAL,1,3,36,POR,DAL,foul,1,False,False,,Bullock P.FOUL (P1.T4) (J.Orr),25,13
0022100732,2022-01-26,POR,DAL,1,3,29,POR,POR,fg3_miss,79,False,False,MISS Powell 26' 3PT Pullup Jump Shot,,25,13
0022100732,2022-01-26,POR,DAL,1,3,26,DAL,DAL,reb,0,False,False,,Powell REBOUND (Off:1 Def:1),25,13
0022100732,2022-01-26,POR,DAL,1,3,19,DAL,DAL,fg_make,52,False,False,,Porzingis 1' Alley Oop Dunk (14 PTS) (Doncic 4 AST),27,13
0022100732,2022-01-26,POR,DAL,1,3,19,DAL,POR,foul,2,False,False,Brown III S.FOUL (P1.T4) (J.Orr),,27,13
0022100732,2022-01-26,POR,DAL,1,3,19,DAL,DAL,ft_miss,10,False,False,,MISS Porzingis Free Throw 1 of 1,27,13
0022100732,2022-01-26,POR,DAL,1,3,16,POR,POR,reb,0,False,False,Watford REBOUND (Off:0 Def:2),,27,13
0022100732,2022-01-26,POR,DAL,1,3,5,POR,POR,fg_make,73,False,False,McCollum 1' Driving Reverse Layup (2 PTS),,27,15
0022100732,2022-01-26,POR,DAL,1,2,51,DAL,DAL,fg3_make,80,False,False,,Doncic 28' 3PT Step Back Jump Shot (4 PTS),30,15
0022100732,2022-01-26,POR,DAL,1,2,26,POR,POR,fg_make,79,False,False,McCollum 17' Pullup Jump Shot (4 PTS),,30,17
0022100732,2022-01-26,POR,DAL,1,2,7,DAL,DAL,fg_miss,105,False,False,,MISS Doncic 17' Turnaround Fadeaway Bank Jump Shot,30,17
0022100732,2022-01-26,POR,DAL,1,2,6,DAL,DAL,reb,0,False,False,,Finney-Smith REBOUND (Off:1 Def:1),30,17
0022100732,2022-01-26,POR,DAL,1,1,57,DAL,DAL,fg_make,108,False,False,,Powell Cutting Dunk Shot (2 PTS) (Porzingis 1 AST),32,17
0022100732,2022-01-26,POR,DAL,1,1,37,POR,POR,fg_miss,101,False,False,MISS McCollum 14' Driving Floating Jump Shot,,32,17
0022100732,2022-01-26,POR,DAL,1,1,36,DAL,DAL,reb,0,False,False,,Doncic REBOUND (Off:0 Def:2),32,17
0022100732,2022-01-26,POR,DAL,1,1,32,DAL,DAL,fg_make,41,False,False,,Doncic 2' Running Layup (6 PTS),34,17
0022100732,2022-01-26,POR,DAL,1,1,32,DAL,POR,foul,2,False,False,Brown III S.FOUL (P2.PN) (M.Ervin),,34,17
0022100732,2022-01-26,POR,DAL,1,1,32,DAL,DAL,timeout,1,False,False,,Mavericks Timeout: Regular (Reg.1 Short 0),34,17
0022100732,2022-01-26,POR,DAL,1,1,32,DAL,DAL,ft_miss,10,False,False,,MISS Doncic Free Throw 1 of 1,34,17
0022100732,2022-01-26,POR,DAL,1,1,30,POR,POR,reb,0,False,False,Elleby REBOUND (Off:0 Def:1),,34,17
0022100732,2022-01-26,POR,DAL,1,1,16,POR,POR,fg3_make,1,False,False,McLemore 25' 3PT Jump Shot (3 PTS) (Simons 1 AST),,34,20
0022100732,2022-01-26,POR,DAL,1,1,0,DAL,DAL,fg_miss,52,False,False,,MISS Porzingis 1' Alley Oop Dunk,34,20
0022100732,2022-01-26,POR,DAL,1,0,59,POR,POR,reb,0,False,False,Elleby REBOUND (Off:0 Def:2),,34,20
0022100732,2022-01-26,POR,DAL,1,0,54,POR,POR,fg_make,41,False,False,Watford 2' Running Layup (2 PTS) (Elleby 1 AST),,34,22
0022100732,2022-01-26,POR,DAL,1,0,48,DAL,DAL,fg_make,2,False,False,,Finney-Smith 21' Running Jump Shot (5 PTS) (Doncic 5 AST),36,22
0022100732,2022-01-26,POR,DAL,1,0,27,POR,POR,fg3_make,1,False,False,Elleby 28' 3PT Jump Shot (3 PTS) (McLemore 1 AST),,36,25
0022100732,2022-01-26,POR,DAL,1,0,5,DAL,DAL,fg3_make,80,False,False,,Doncic 29' 3PT Step Back Jump Shot (9 PTS),39,25
0022100732,2022-01-26,POR,DAL,1,0,5,DAL,POR,foul,2,False,False,Watford S.FOUL (P1.PN) (M.Ervin),,39,25
0022100732,2022-01-26,POR,DAL,1,0,5,DAL,DAL,ft_make,10,False,False,,Doncic Free Throw 1 of 1 (10 PTS),40,25
0022100732,2022-01-26,POR,DAL,1,0,0,DAL,,period_end,0,False,False,,,40,25
0022100732,2022-01-26,POR,DAL,2,12,0,DAL,,period_start,0,False,False,,,40,25
0022100732,2022-01-26,POR,DAL,2,11,38,DAL,DAL,fg3_miss,80,False,False,,MISS Doncic 27' 3PT Step Back Jump Shot,40,25
0022100732,2022-01-26,POR,DAL,2,11,35,POR,POR,reb,0,False,False,Watford REBOUND (Off:0 Def:3),,40,25
0022100732,2022-01-26,POR,DAL,2,11,24,POR,POR,fg_make,6,False,False,Watford 2' Driving Layup (4 PTS) (Simons 2 AST),,40,27
0022100732,2022-01-26,POR,DAL,2,11,0,DAL,DAL,fg_make,5,False,False,,Powell 1' Layup (4 PTS) (Green 1 AST),42,27
0022100732,2022-01-26,POR,DAL,2,11,0,DAL,POR,foul,2,False,False,Elleby S.FOUL (P1.T1) (M.Ervin),,42,27
0022100732,2022-01-26,POR,DAL,2,11,0,DAL,DAL,ft_miss,10,False,False,,MISS Powell Free Throw 1 of 1,42,27
0022100732,2022-01-26,POR,DAL,2,11,0,POR,POR,reb,0,False,False,Snell REBOUND (Off:0 Def:1),,42,27
0022100732,2022-01-26,POR,DAL,2,10,50,POR,DAL,foul,1,False,False,,Green P.FOUL (P1.T1) (M.Ervin),42,27
0022100732,2022-01-26,POR,DAL,2,10,39,POR,DAL,foul,2,False,False,,Powell S.FOUL (P1.T2) (K.Fitzgerald),42,27
0022100732,2022-01-26,POR,DAL,2,10,39,POR,POR,ft_make,11,False,False,Elleby Free Throw 1 of 2 (4 PTS),,42,28
0022100732,2022-01-26,POR,DAL,2,10,39,POR,POR,ft_make,12,False,False,Elleby Free Throw 2 of 2 (5 PTS),,42,29
0022100732,2022-01-26,POR,DAL,2,10,24,DAL,DAL,tov,40,False,False,,Green Out of Bounds Lost Ball Turnover (P1.T1),42,29
0022100732,2022-01-26,POR,DAL,2,10,13,POR,POR,tov,2,False,True,Simons Lost Ball Turnover (P1.T3),,42,29
0022100732,2022-01-26,POR,DAL,2,10,13,POR,DAL,steal,2,False,True,steal,steal,42,29
0022100732,2022-01-26,POR,DAL,2,10,12,DAL,DAL,tov,45,False,False,,Doncic Out of Bounds - Bad Pass Turnover Turnover (P1.T2),42,29
0022100732,2022-01-26,POR,DAL,2,9,53,POR,POR,fg_make,75,False,False,Simons 1' Driving Finger Roll Layup (7 PTS),,42,31
0022100732,2022-01-26,POR,DAL,2,9,42,DAL,DAL,fg_make,102,False,False,,Bullock 4' Driving Floating Bank Jump Shot (2 PTS) (Doncic 6 AST),44,31
0022100732,2022-01-26,POR,DAL,2,9,31,POR,POR,fg_miss,78,False,False,MISS Watford 12' Floating Jump Shot,,44,31
0022100732,2022-01-26,POR,DAL,2,9,29,DAL,DAL,reb,0,False,False,,Chriss REBOUND (Off:0 Def:1),44,31
0022100732,2022-01-26,POR,DAL,2,9,20,DAL,DAL,fg3_make,1,False,False,,Kleber 27' 3PT Jump Shot (5 PTS) (Doncic 7 AST),47,31
0022100732,2022-01-26,POR,DAL,2,9,5,POR,POR,fg_make,5,False,False,Snell 3' Layup (2 PTS) (Simons 3 AST),,47,33
0022100732,2022-01-26,POR,DAL,2,8,59,DAL,POR,foul,2,False,False,Watford S.FOUL (P2.T2) (K.Fitzgerald),,47,33
0022100732,2022-01-26,POR,DAL,2,8,59,DAL,DAL,ft_miss,11,False,False,,MISS Green Free Throw 1 of 2,47,33
0022100732,2022-01-26,POR,DAL,2,8,59,DAL,DAL,reb,1,False,False,,Mavericks Rebound,47,33
0022100732,2022-01-26,POR,DAL,2,8,59,DAL,DAL,ft_make,12,False,False,,Green Free Throw 2 of 2 (1 PTS),48,33
0022100732,2022-01-26,POR,DAL,2,8,48,POR,POR,fg3_miss,1,False,False,MISS Elleby 24' 3PT Jump Shot,,48,33
0022100732,2022-01-26,POR,DAL,2,8,45,DAL,DAL,reb,0,False,False,,Kleber REBOUND (Off:0 Def:2),48,33
0022100732,2022-01-26,POR,DAL,2,8,36,DAL,DAL,fg_make,98,False,False,,Chriss 1' Cutting Layup Shot (2 PTS) (Doncic 8 AST),50,33
0022100732,2022-01-26,POR,DAL,2,8,23,POR,POR,fg_make,6,False,False,Elleby 1' Driving Layup (7 PTS) (Snell 1 AST),,50,35
0022100732,2022-01-26,POR,DAL,2,8,9,DAL,DAL,fg3_miss,1,False,False,,MISS Bullock 3PT Jump Shot,50,35
0022100732,2022-01-26,POR,DAL,2,8,7,POR,POR,reb,0,False,False,Powell REBOUND (Off:0 Def:3),,50,35
0022100732,2022-01-26,POR,DAL,2,7,57,POR,POR,fg3_make,1,False,False,McCollum 3PT Jump Shot (7 PTS) (Elleby 2 AST),,50,38
0022100732,2022-01-26,POR,DAL,2,7,42,DAL,DAL,fg3_miss,1,False,False,,MISS Bullock 27' 3PT Jump Shot,50,38
0022100732,2022-01-26,POR,DAL,2,7,37,POR,POR,reb,0,False,False,Powell REBOUND (Off:0 Def:4),,50,38
0022100732,2022-01-26,POR,DAL,2,7,31,POR,POR,fg3_make,1,False,False,Powell 27' 3PT Jump Shot (7 PTS) (Elleby 3 AST),,50,41
0022100732,2022-01-26,POR,DAL,2,7,30,DAL,DAL,timeout,1,False,False,,Mavericks Timeout: Regular (Reg.2 Short 0),50,41
0022100732,2022-01-26,POR,DAL,2,7,13,DAL,DAL,fg3_make,1,False,False,,Bullock 24' 3PT Jump Shot (5 PTS) (Brunson 3 AST),53,41
0022100732,2022-01-26,POR,DAL,2,6,57,POR,POR,fg3_miss,1,False,False,MISS Powell 26' 3PT Jump Shot,,53,41
0022100732,2022-01-26,POR,DAL,2,6,54,DAL,DAL,reb,0,False,False,,Kleber REBOUND (Off:0 Def:3),53,41
0022100732,2022-01-26,POR,DAL,2,6,46,DAL,DAL,fg_make,98,False,False,,Kleber 1' Cutting Layup Shot (7 PTS) (Chriss 1 AST),55,41
0022100732,2022-01-26,POR,DAL,2,6,28,POR,POR,fg_make,98,False,False,Watford 1' Cutting Layup Shot (6 PTS) (Elleby 4 AST),,55,43
0022100732,2022-01-26,POR,DAL,2,6,10,DAL,DAL,fg3_make,1,False,False,,Chriss 25' 3PT Jump Shot (5 PTS) (Brunson 4 AST),58,43
0022100732,2022-01-26,POR,DAL,2,5,53,POR,POR,fg3_miss,1,False,False,MISS Powell 3PT Jump Shot,,58,43
0022100732,2022-01-26,POR,DAL,2,5,51,DAL,DAL,reb,0,False,False,,Bullock REBOUND (Off:0 Def:2),58,43
0022100732,2022-01-26,POR,DAL,2,5,29,DAL,DAL,fg3_miss,1,False,False,,MISS Ntilikina 27' 3PT Jump Shot,58,43
0022100732,2022-01-26,POR,DAL,2,5,27,POR,POR,reb,0,False,False,Nurkic REBOUND (Off:0 Def:4),,58,43
0022100732,2022-01-26,POR,DAL,2,5,23,POR,POR,fg_miss,41,True,False,MISS Powell 2' Running Layup,,58,43
0022100732,2022-01-26,POR,DAL,2,5,23,POR,DAL,block,41,True,False,block,block,58,43
0022100732,2022-01-26,POR,DAL,2,5,22,DAL,DAL,reb,0,False,False,,Kleber REBOUND (Off:0 Def:4),58,43
0022100732,2022-01-26,POR,DAL,2,5,6,DAL,DAL,fg_make,75,False,False,,Porzingis 1' Driving Finger Roll Layup (16 PTS) (Brunson 5 AST),60,43
0022100732,2022-01-26,POR,DAL,2,4,56,POR,POR,fg_miss,44,True,False,MISS Nurkic 2' Reverse Layup,,60,43
0022100732,2022-01-26,POR,DAL,2,4,56,POR,DAL,block,44,True,False,block,block,60,43
0022100732,2022-01-26,POR,DAL,2,4,54,POR,POR,reb,0,False,False,Nurkic REBOUND (Off:1 Def:4),,60,43
0022100732,2022-01-26,POR,DAL,2,4,52,POR,POR,fg_make,72,False,False,Nurkic 3' Putback Layup (6 PTS),,60,45
0022100732,2022-01-26,POR,DAL,2,4,30,DAL,DAL,fg3_make,1,False,False,,Ntilikina 3PT Jump Shot (3 PTS) (Doncic 9 AST),63,45
0022100732,2022-01-26,POR,DAL,2,4,22,POR,POR,fg_make,101,False,False,McCollum 1' Driving Floating Jump Shot (9 PTS),,63,47
0022100732,2022-01-26,POR,DAL,2,4,22,POR,DAL,foul,2,False,False,,Kleber S.FOUL (P1.T3) (J.Orr),63,47
0022100732,2022-01-26,POR,DAL,2,4,22,POR,POR,ft_miss,10,False,False,MISS McCollum Free Throw 1 of 1,,63,47
0022100732,2022-01-26,POR,DAL,2,4,20,DAL,DAL,reb,0,False,False,,Porzingis REBOUND (Off:0 Def:3),63,47
0022100732,2022-01-26,POR,DAL,2,4,4,DAL,DAL,fg_miss,3,False,False,,MISS Porzingis 4' Hook Shot,63,47
0022100732,2022-01-26,POR,DAL,2,4,3,POR,POR,reb,0,False,False,TRAIL BLAZERS Rebound,,63,47
0022100732,2022-01-26,POR,DAL,2,4,3,POR,DAL,foul,3,False,False,,Porzingis L.B.FOUL (P2.T4) (J.Orr),63,47
0022100732,2022-01-26,POR,DAL,2,3,50,POR,POR,fg3_make,79,False,False,McCollum 26' 3PT Pullup Jump Shot (12 PTS),,63,50
0022100732,2022-01-26,POR,DAL,2,3,36,DAL,DAL,tov,1,False,True,,Doncic Bad Pass Turnover (P2.T3),63,50
0022100732,2022-01-26,POR,DAL,2,3,36,DAL,POR,steal,1,False,True,steal,steal,63,50
0022100732,2022-01-26,POR,DAL,2,3,33,POR,POR,fg3_miss,103,False,False,MISS McCollum 28' 3PT Running Pull-Up Jump Shot,,63,50
0022100732,2022-01-26,POR,DAL,2,3,29,DAL,DAL,reb,0,False,False,,Mavericks Rebound,63,50
0022100732,2022-01-26,POR,DAL,2,3,15,DAL,DAL,fg3_miss,1,False,False,,MISS Ntilikina 3PT Jump Shot,63,50
0022100732,2022-01-26,POR,DAL,2,3,13,POR,POR,reb,0,False,False,Nurkic REBOUND (Off:1 Def:5),,63,50
0022100732,2022-01-26,POR,DAL,2,3,3,POR,POR,fg_miss,75,False,False,MISS Nurkic 2' Driving Finger Roll Layup,,63,50
0022100732,2022-01-26,POR,DAL,2,3,0,DAL,DAL,reb,0,False,False,,Brunson REBOUND (Off:0 Def:3),63,50
0022100732,2022-01-26,POR,DAL,2,2,56,DAL,DAL,fg_miss,41,True,False,,MISS Brunson 2' Running Layup,63,50
0022100732,2022-01-26,POR,DAL,2,2,56,POR,POR,reb,0,False,False,Powell REBOUND (Off:0 Def:5),,63,50
0022100732,2022-01-26,POR,DAL,2,2,56,DAL,POR,block,41,True,False,block,block,63,50
0022100732,2022-01-26,POR,DAL,2,2,52,POR,DAL,foul,1,False,False,,Ntilikina P.FOUL (P1.PN) (J.Orr),63,50
0022100732,2022-01-26,POR,DAL,2,2,52,POR,POR,timeout,1,False,False,TRAIL BLAZERS Timeout: Regular (Full 2 Short 0),,63,50
0022100732,2022-01-26,POR,DAL,2,2,52,POR,POR,ft_make,11,False,False,Powell Free Throw 1 of 2 (8 PTS),,63,51
0022100732,2022-01-26,POR,DAL,2,2,52,POR,POR,ft_make,12,False,False,Powell Free Throw 2 of 2 (9 PTS),,63,52
0022100732,2022-01-26,POR,DAL,2,2,34,DAL,DAL,fg_make,1,False,False,,Kleber 15' Jump Shot (9 PTS),65,52
0022100732,2022-01-26,POR,DAL,2,2,17,POR,POR,fg3_miss,1,False,False,MISS Simons 28' 3PT Jump Shot,,65,52
0022100732,2022-01-26,POR,DAL,2,2,15,POR,POR,reb,0,False,False,Nurkic REBOUND (Off:2 Def:5),,65,52
0022100732,2022-01-26,POR,DAL,2,2,15,POR,POR,fg_make,72,False,False,Nurkic 1' Putback Layup (8 PTS),,65,54
0022100732,2022-01-26,POR,DAL,2,2,2,DAL,DAL,fg3_miss,80,False,False,,MISS Brunson 24' 3PT Step Back Jump Shot,65,54
0022100732,2022-01-26,POR,DAL,2,1,59,POR,POR,reb,0,False,False,Powell REBOUND (Off:0 Def:6),,65,54
0022100732,2022-01-26,POR,DAL,2,1,41,POR,DAL,foul,2,False,False,,Porzingis S.FOUL (P3.PN) (M.Ervin),65,54
0022100732,2022-01-26,POR,DAL,2,1,41,POR,POR,ft_make,11,False,False,Nurkic Free Throw 1 of 2 (9 PTS),,65,55
0022100732,2022-01-26,POR,DAL,2,1,41,POR,POR,ft_make,12,False,False,Nurkic Free Throw 2 of 2 (10 PTS),,65,56
0022100732,2022-01-26,POR,DAL,2,1,29,DAL,DAL,tov,1,False,True,,Porzingis Bad Pass Turnover (P1.T4),65,56
0022100732,2022-01-26,POR,DAL,2,1,29,DAL,POR,steal,1,False,True,steal,steal,65,56
0022100732,2022-01-26,POR,DAL,2,1,20,POR,POR,fg_make,98,False,False,Nurkic 1' Cutting Layup Shot (12 PTS) (McCollum 2 AST),,65,58
0022100732,2022-01-26,POR,DAL,2,1,1,DAL,DAL,fg3_miss,1,False,False,,MISS Doncic 25' 3PT Jump Shot,65,58
0022100732,2022-01-26,POR,DAL,2,1,0,POR,POR,reb,0,False,False,Elleby REBOUND (Off:0 Def:3),,65,58
0022100732,2022-01-26,POR,DAL,2,0,47,POR,POR,fg3_miss,1,False,False,MISS Elleby 29' 3PT Jump Shot,,65,58
0022100732,2022-01-26,POR,DAL,2,0,44,DAL,DAL,reb,0,False,False,,Kleber REBOUND (Off:0 Def:5),65,58
0022100732,2022-01-26,POR,DAL,2,0,29,DAL,DAL,fg3_make,1,False,False,,Finney-Smith 24' 3PT Jump Shot (8 PTS) (Brunson 6 AST),68,58
0022100732,2022-01-26,POR,DAL,2,0,10,POR,DAL,foul,2,False,False,,Kleber S.FOUL (P2.PN) (M.Ervin),68,58
0022100732,2022-01-26,POR,DAL,2,0,10,POR,POR,ft_miss,11,False,False,MISS Powell Free Throw 1 of 2,,68,58
0022100732,2022-01-26,POR,DAL,2,0,10,POR,POR,reb,1,False,False,TRAIL BLAZERS Rebound,,68,58
0022100732,2022-01-26,POR,DAL,2,0,10,POR,POR,ft_make,12,False,False,Powell Free Throw 2 of 2 (10 PTS),,68,59
0022100732,2022-01-26,POR,DAL,2,0,7,DAL,POR,foul,28,False,False,Elleby Personal Take Foul (P2.T3) (K.Fitzgerald),,68,59
0022100732,2022-01-26,POR,DAL,2,0,0,DAL,DAL,fg_miss,80,False,False,,MISS Doncic 18' Step Back Jump Shot,68,59
0022100732,2022-01-26,POR,DAL,2,0,0,DAL,DAL,reb,0,False,False,,Mavericks Rebound,68,59
0022100732,2022-01-26,POR,DAL,2,0,0,DAL,,period_end,0,False,False,,,68,59
0022100732,2022-01-26,POR,DAL,3,12,0,DAL,,period_start,0,False,False,,,68,59
0022100732,2022-01-26,POR,DAL,3,11,37,DAL,DAL,fg_miss,79,False,False,,MISS Porzingis 20' Pullup Jump Shot,68,59
0022100732,2022-01-26,POR,DAL,3,11,34,POR,POR,reb,0,False,False,Powell REBOUND (Off:0 Def:7),,68,59
0022100732,2022-01-26,POR,DAL,3,11,24,POR,POR,fg3_make,1,False,False,McCollum 30' 3PT Jump Shot (15 PTS) (Simons 4 AST),,68,62
0022100732,2022-01-26,POR,DAL,3,11,11,DAL,POR,foul,1,False,False,Powell P.FOUL (P1.T1) (J.Orr),,68,62
0022100732,2022-01-26,POR,DAL,3,10,59,DAL,DAL,fg_make,51,False,False,,Porzingis 1' Reverse Dunk (18 PTS) (Kleber 1 AST),70,62
0022100732,2022-01-26,POR,DAL,3,10,32,POR,POR,fg3_make,1,False,False,Simons 28' 3PT Jump Shot (10 PTS) (Nurkic 3 AST),,70,65
0022100732,2022-01-26,POR,DAL,3,10,15,DAL,DAL,fg3_miss,1,False,False,,MISS Porzingis 26' 3PT Jump Shot,70,65
0022100732,2022-01-26,POR,DAL,3,10,13,DAL,DAL,reb,0,False,False,,Brunson REBOUND (Off:1 Def:3),70,65
0022100732,2022-01-26,POR,DAL,3,10,8,DAL,DAL,fg3_make,1,False,False,,Finney-Smith 3PT Jump Shot (11 PTS) (Brunson 7 AST),73,65
0022100732,2022-01-26,POR,DAL,3,9,53,POR,POR,fg3_miss,1,False,False,MISS Snell 3PT Jump Shot,,73,65
0022100732,2022-01-26,POR,DAL,3,9,49,DAL,DAL,reb,0,False,False,,Porzingis REBOUND (Off:0 Def:4),73,65
0022100732,2022-01-26,POR,DAL,3,9,37,DAL,DAL,tov,1,False,True,,Porzingis Bad Pass Turnover (P2.T5),73,65
0022100732,2022-01-26,POR,DAL,3,9,37,DAL,POR,steal,1,False,True,steal,steal,73,65
0022100732,2022-01-26,POR,DAL,3,9,31,POR,POR,fg3_make,103,False,False,McCollum 24' 3PT Running Pull-Up Jump Shot (18 PTS) (Simons 5 AST),,73,68
0022100732,2022-01-26,POR,DAL,3,9,7,DAL,DAL,fg_miss,1,False,False,,MISS Porzingis 9' Jump Shot,73,68
0022100732,2022-01-26,POR,DAL,3,9,5,POR,POR,reb,0,False,False,McCollum REBOUND (Off:0 Def:1),,73,68
0022100732,2022-01-26,POR,DAL,3,8,58,POR,POR,fg_miss,41,False,False,MISS Powell 2' Running Layup,,73,68
0022100732,2022-01-26,POR,DAL,3,8,57,DAL,DAL,reb,0,False,False,,Finney-Smith REBOUND (Off:1 Def:2),73,68
0022100732,2022-01-26,POR,DAL,3,8,44,DAL,DAL,fg_miss,1,False,False,,MISS Porzingis 4' Jump Shot,73,68
0022100732,2022-01-26,POR,DAL,3,8,42,POR,POR,reb,0,False,False,McCollum REBOUND (Off:0 Def:2),,73,68
0022100732,2022-01-26,POR,DAL,3,8,39,POR,POR,fg_miss,47,False,False,MISS Powell 2' Turnaround Jump Shot,,73,68
0022100732,2022-01-26,POR,DAL,3,8,35,DAL,DAL,reb,0,False,False,,Doncic REBOUND (Off:0 Def:3),73,68
0022100732,2022-01-26,POR,DAL,3,8,21,DAL,DAL,fg_miss,1,False,False,,MISS Porzingis 20' Jump Shot,73,68
0022100732,2022-01-26,POR,DAL,3,8,18,POR,POR,reb,0,False,False,Simons REBOUND (Off:0 Def:1),,73,68
0022100732,2022-01-26,POR,DAL,3,8,12,POR,POR,fg3_miss,1,False,False,MISS Simons 3PT Jump Shot,,73,68
0022100732,2022-01-26,POR,DAL,3,8,10,DAL,DAL,reb,0,False,False,,Finney-Smith REBOUND (Off:1 Def:3),73,68
0022100732,2022-01-26,POR,DAL,3,7,57,DAL,DAL,fg3_make,1,False,False,,Kleber 27' 3PT Jump Shot (12 PTS) (Brunson 8 AST),76,68
0022100732,2022-01-26,POR,DAL,3,7,39,POR,POR,tov,4,False,False,Simons Traveling Turnover (P2.T4),,76,68
0022100732,2022-01-26,POR,DAL,3,7,26,DAL,DAL,fg3_miss,1,False,False,,MISS Kleber 3PT Jump Shot,76,68
0022100732,2022-01-26,POR,DAL,3,7,23,POR,POR,reb,0,False,False,Powell REBOUND (Off:0 Def:8),,76,68
0022100732,2022-01-26,POR,DAL,3,7,9,POR,POR,fg_make,75,False,False,McCollum 1' Driving Finger Roll Layup (20 PTS),,76,70
0022100732,2022-01-26,POR,DAL,3,6,58,DAL,DAL,fg3_miss,1,False,False,,MISS Finney-Smith 3PT Jump Shot,76,70
0022100732,2022-01-26,POR,DAL,3,6,58,DAL,DAL,reb,0,False,False,,Mavericks Rebound,76,70
0022100732,2022-01-26,POR,DAL,3,6,58,DAL,POR,foul,3,False,False,McCollum L.B.FOUL (P2.T2) (M.Ervin),,76,70
0022100732,2022-01-26,POR,DAL,3,6,58,POR,POR,timeout,1,False,False,TRAIL BLAZERS Timeout: Regular (Full 3 Short 0),,76,70
0022100732,2022-01-26,POR,DAL,3,6,53,DAL,POR,foul,1,False,False,Snell P.FOUL (P1.T3) (K.Fitzgerald),,76,70
0022100732,2022-01-26,POR,DAL,3,6,40,DAL,DAL,fg3_miss,80,False,False,,MISS Doncic 34' 3PT Step Back Jump Shot,76,70
0022100732,2022-01-26,POR,DAL,3,6,35,POR,POR,reb,0,False,False,McCollum REBOUND (Off:0 Def:3),,76,70
0022100732,2022-01-26,POR,DAL,3,6,26,POR,POR,fg_make,79,False,False,Powell 15' Pullup Jump Shot (12 PTS) (McCollum 3 AST),,76,72
0022100732,2022-01-26,POR,DAL,3,6,14,DAL,DAL,fg_make,98,False,False,,Porzingis 2' Cutting Layup Shot (20 PTS) (Doncic 10 AST),78,72
0022100732,2022-01-26,POR,DAL,3,5,57,POR,POR,fg_make,52,False,False,Simons 1' Alley Oop Dunk (12 PTS) (McCollum 4 AST),,78,74
0022100732,2022-01-26,POR,DAL,3,5,44,DAL,DAL,tov,39,False,False,,Finney-Smith Step Out of Bounds Turnover (P1.T6),78,74
0022100732,2022-01-26,POR,DAL,3,5,31,POR,POR,fg3_miss,80,False,False,MISS McCollum 26' 3PT Step Back Jump Shot,,78,74
0022100732,2022-01-26,POR,DAL,3,5,28,DAL,DAL,reb,0,False,False,,Doncic REBOUND (Off:0 Def:4),78,74
0022100732,2022-01-26,POR,DAL,3,5,20,DAL,DAL,fg3_miss,1,False,False,,MISS Porzingis 26' 3PT Jump Shot,78,74
0022100732,2022-01-26,POR,DAL,3,5,17,POR,POR,reb,0,False,False,McCollum REBOUND (Off:0 Def:4),,78,74
0022100732,2022-01-26,POR,DAL,3,5,10,POR,POR,fg3_miss,1,False,False,MISS Powell 24' 3PT Jump Shot,,78,74
0022100732,2022-01-26,POR,DAL,3,5,7,DAL,DAL,reb,0,False,False,,Porzingis REBOUND (Off:0 Def:5),78,74
0022100732,2022-01-26,POR,DAL,3,5,2,DAL,POR,foul,2,False,False,McCollum S.FOUL (P3.T4) (K.Fitzgerald),,78,74
0022100732,2022-01-26,POR,DAL,3,5,2,DAL,DAL,ft_make,11,False,False,,Porzingis Free Throw 1 of 2 (21 PTS),79,74
0022100732,2022-01-26,POR,DAL,3,5,2,DAL,DAL,ft_make,12,False,False,,Porzingis Free Throw 2 of 2 (22 PTS),80,74
0022100732,2022-01-26,POR,DAL,3,4,48,POR,POR,fg_make,5,False,False,Nurkic 1' Layup (14 PTS) (Powell 1 AST),,80,76
0022100732,2022-01-26,POR,DAL,3,4,37,DAL,DAL,tov,45,False,False,,Porzingis Out of Bounds - Bad Pass Turnover Turnover (P3.T7),80,76
0022100732,2022-01-26,POR,DAL,3,4,27,POR,POR,fg3_miss,80,False,False,MISS Powell 28' 3PT Step Back Jump Shot,,80,76
0022100732,2022-01-26,POR,DAL,3,4,25,DAL,DAL,reb,0,False,False,,Brunson REBOUND (Off:1 Def:4),80,76
0022100732,2022-01-26,POR,DAL,3,4,8,DAL,POR,foul,2,False,False,Powell S.FOUL (P2.PN) (M.Ervin),,80,76
0022100732,2022-01-26,POR,DAL,3,4,8,DAL,DAL,ft_make,11,False,False,,Doncic Free Throw 1 of 2 (11 PTS),81,76
0022100732,2022-01-26,POR,DAL,3,4,8,DAL,DAL,ft_miss,12,False,False,,MISS Doncic Free Throw 2 of 2,81,76
0022100732,2022-01-26,POR,DAL,3,4,6,POR,POR,reb,0,False,False,McLemore REBOUND (Off:0 Def:1),,81,76
0022100732,2022-01-26,POR,DAL,3,3,55,POR,POR,tov,1,False,True,Powell Bad Pass Turnover (P1.T5),,81,76
0022100732,2022-01-26,POR,DAL,3,3,55,POR,DAL,steal,1,False,True,steal,steal,81,76
0022100732,2022-01-26,POR,DAL,3,3,45,DAL,DAL,fg3_miss,1,False,False,,MISS Finney-Smith 24' 3PT Jump Shot,81,76
0022100732,2022-01-26,POR,DAL,3,3,42,POR,POR,reb,0,False,False,Powell REBOUND (Off:0 Def:9),,81,76
0022100732,2022-01-26,POR,DAL,3,3,37,POR,POR,fg_miss,41,True,False,MISS Watford 2' Running Layup,,81,76
0022100732,2022-01-26,POR,DAL,3,3,37,POR,DAL,block,41,True,False,block,block,81,76
0022100732,2022-01-26,POR,DAL,3,3,35,DAL,DAL,reb,0,False,False,,Doncic REBOUND (Off:0 Def:5),81,76
0022100732,2022-01-26,POR,DAL,3,3,19,DAL,POR,foul,2,False,False,Watford S.FOUL (P3.PN) (J.Orr),,81,76
0022100732,2022-01-26,POR,DAL,3,3,19,DAL,DAL,ft_make,11,False,False,,Doncic Free Throw 1 of 2 (12 PTS),82,76
0022100732,2022-01-26,POR,DAL,3,3,19,DAL,DAL,ft_make,12,False,False,,Doncic Free Throw 2 of 2 (13 PTS),83,76
0022100732,2022-01-26,POR,DAL,3,3,9,POR,DAL,foul,2,False,False,,Powell S.FOUL (P2.T1) (J.Orr),83,76
0022100732,2022-01-26,POR,DAL,3,3,9,POR,POR,ft_make,11,False,False,Powell Free Throw 1 of 2 (13 PTS),,83,77
0022100732,2022-01-26,POR,DAL,3,3,9,POR,POR,ft_miss,12,False,False,MISS Powell Free Throw 2 of 2,,83,77
0022100732,2022-01-26,POR,DAL,3,3,7,DAL,DAL,reb,0,False,False,,Doncic REBOUND (Off:0 Def:6),83,77
0022100732,2022-01-26,POR,DAL,3,2,56,DAL,POR,foul,1,False,False,McLemore P.FOUL (P1.PN) (K.Fitzgerald),,83,77
0022100732,2022-01-26,POR,DAL,3,2,56,DAL,DAL,timeout,1,False,False,,Mavericks Timeout: Regular (Reg.3 Short 0),83,77
0022100732,2022-01-26,POR,DAL,3,2,56,DAL,DAL,ft_make,11,False,False,,Powell Free Throw 1 of 2 (5 PTS),84,77
0022100732,2022-01-26,POR,DAL,3,2,56,DAL,DAL,ft_make,12,False,False,,Powell Free Throw 2 of 2 (6 PTS),85,77
0022100732,2022-01-26,POR,DAL,3,2,42,POR,POR,fg_make,101,False,False,Powell 13' Driving Floating Jump Shot (15 PTS),,85,79
0022100732,2022-01-26,POR,DAL,3,2,22,DAL,DAL,fg_make,79,False,False,,Brunson 18' Pullup Jump Shot (9 PTS),87,79
0022100732,2022-01-26,POR,DAL,3,2,22,DAL,POR,foul,3,False,False,Powell L.B.FOUL (P3.PN) (M.Ervin),,87,79
0022100732,2022-01-26,POR,DAL,3,2,22,DAL,DAL,ft_make,10,False,False,,Powell Free Throw 1 of 1 (7 PTS),88,79
0022100732,2022-01-26,POR,DAL,3,2,14,POR,DAL,foul,2,False,False,,Bullock S.FOUL (P2.T2) (J.Orr),88,79
0022100732,2022-01-26,POR,DAL,3,2,14,POR,POR,ft_make,11,False,False,Powell Free Throw 1 of 2 (16 PTS),,88,80
0022100732,2022-01-26,POR,DAL,3,2,14,POR,POR,ft_miss,12,False,False,MISS Powell Free Throw 2 of 2,,88,80
0022100732,2022-01-26,POR,DAL,3,2,12,DAL,DAL,reb,0,False,False,,Doncic REBOUND (Off:0 Def:7),88,80
0022100732,2022-01-26,POR,DAL,3,2,0,DAL,DAL,fg_make,52,False,False,,Powell 1' Alley Oop Dunk (9 PTS) (Doncic 11 AST),90,80
0022100732,2022-01-26,POR,DAL,3,1,49,DAL,POR,foul,14,False,False,McCollum FLAGRANT.FOUL.TYPE1 (P4.PN) (K.Fitzgerald),,90,80
0022100732,2022-01-26,POR,DAL,3,1,49,POR,POR,tov,0,False,False,McCollum No Turnover (P1.T6),,90,80
0022100732,2022-01-26,POR,DAL,3,1,49,POR,DAL,ft_make,18,False,False,,Powell Free Throw Flagrant 1 of 2 (10 PTS),91,80
0022100732,2022-01-26,POR,DAL,3,1,49,POR,DAL,ft_make,19,False,False,,Powell Free Throw Flagrant 2 of 2 (11 PTS),92,80
0022100732,2022-01-26,POR,DAL,3,1,40,DAL,DAL,fg3_make,1,False,False,,Bullock 3PT Jump Shot (8 PTS) (Doncic 12 AST),95,80
0022100732,2022-01-26,POR,DAL,3,1,19,POR,DAL,foul,1,False,False,,Ntilikina P.FOUL (P2.T3) (M.Ervin),95,80
0022100732,2022-01-26,POR,DAL,3,1,5,POR,POR,fg3_miss,1,False,False,MISS Simons 26' 3PT Jump Shot,,95,80
0022100732,2022-01-26,POR,DAL,3,1,2,DAL,DAL,reb,0,False,False,,Doncic REBOUND (Off:0 Def:8),95,80
0022100732,2022-01-26,POR,DAL,3,0,46,DAL,DAL,fg3_make,1,False,False,,Bullock 25' 3PT Jump Shot (11 PTS) (Doncic 13 AST),98,80
0022100732,2022-01-26,POR,DAL,3,0,35,POR,DAL,foul,1,False,False,,Green P.FOUL (P2.PN) (M.Ervin),98,80
0022100732,2022-01-26,POR,DAL,3,0,35,POR,POR,ft_make,11,False,False,Powell Free Throw 1 of 2 (17 PTS),,98,81
0022100732,2022-01-26,POR,DAL,3,0,35,POR,POR,ft_miss,12,False,False,MISS Powell Free Throw 2 of 2,,98,81
0022100732,2022-01-26,POR,DAL,3,0,33,DAL,DAL,reb,0,False,False,,Mavericks Rebound,98,81
0022100732,2022-01-26,POR,DAL,3,0,12,DAL,DAL,tov,2,False,True,,Doncic Lost Ball Turnover (P3.T8),98,81
0022100732,2022-01-26,POR,DAL,3,0,12,DAL,POR,steal,2,False,True,steal,steal,98,81
0022100732,2022-01-26,POR,DAL,3,0,8,POR,POR,fg_miss,41,True,False,MISS Powell 2' Running Layup,,98,81
0022100732,2022-01-26,POR,DAL,3,0,8,POR,DAL,block,41,True,False,block,block,98,81
0022100732,2022-01-26,POR,DAL,3,0,5,POR,POR,reb,0,False,False,Elleby REBOUND (Off:1 Def:3),,98,81
0022100732,2022-01-26,POR,DAL,3,0,2,POR,POR,fg3_miss,1,False,False,MISS Powell 24' 3PT Jump Shot,,98,81
0022100732,2022-01-26,POR,DAL,3,0,2,DAL,DAL,reb,0,False,False,,Powell REBOUND (Off:1 Def:2),98,81
0022100732,2022-01-26,POR,DAL,3,0,0,DAL,,period_end,0,False,False,,,98,81
0022100732,2022-01-26,POR,DAL,4,12,0,POR,DAL,foul,11,False,False,,Doncic T.FOUL (P1.T0) (J.Orr),98,81
0022100732,2022-01-26,POR,DAL,4,12,0,POR,POR,ft_make,16,False,False,Simons Free Throw Technical (13 PTS),,98,82
0022100732,2022-01-26,POR,DAL,4,12,0,POR,,period_start,0,False,False,,,98,82
0022100732,2022-01-26,POR,DAL,4,11,52,POR,DAL,foul,1,False,False,,Porzingis P.FOUL (P4.T1) (J.Orr),98,82
0022100732,2022-01-26,POR,DAL,4,11,45,POR,POR,fg3_make,1,False,False,McLemore 24' 3PT Jump Shot (6 PTS) (Elleby 5 AST),,98,85
0022100732,2022-01-26,POR,DAL,4,11,29,DAL,DAL,fg_miss,1,False,False,,MISS Brunson 14' Jump Shot,98,85
0022100732,2022-01-26,POR,DAL,4,11,25,POR,POR,reb,0,False,False,Elleby REBOUND (Off:1 Def:4),,98,85
0022100732,2022-01-26,POR,DAL,4,11,15,POR,POR,fg3_make,1,False,False,McLemore 3PT Jump Shot (9 PTS) (Simons 6 AST),,98,88
0022100732,2022-01-26,POR,DAL,4,10,48,DAL,DAL,fg_miss,6,False,False,,MISS Brunson 9' Driving Layup,98,88
0022100732,2022-01-26,POR,DAL,4,10,48,DAL,DAL,reb,0,False,False,,Mavericks Rebound,98,88
0022100732,2022-01-26,POR,DAL,4,10,48,DAL,DAL,tov,11,False,False,,Mavericks Turnover: Shot Clock (T#9),98,88
0022100732,2022-01-26,POR,DAL,4,10,34,POR,POR,fg3_miss,80,False,False,MISS McCollum 26' 3PT Step Back Jump Shot,,98,88
0022100732,2022-01-26,POR,DAL,4,10,30,DAL,DAL,reb,0,False,False,,Bullock REBOUND (Off:0 Def:3),98,88
0022100732,2022-01-26,POR,DAL,4,10,13,DAL,DAL,fg3_miss,80,False,False,,MISS Bullock 3PT Step Back Jump Shot,98,88
0022100732,2022-01-26,POR,DAL,4,10,11,DAL,DAL,reb,0,False,False,,Green REBOUND (Off:1 Def:0),98,88
0022100732,2022-01-26,POR,DAL,4,10,9,DAL,DAL,fg3_make,1,False,False,,Brunson 27' 3PT Jump Shot (12 PTS) (Green 2 AST),101,88
0022100732,2022-01-26,POR,DAL,4,9,50,POR,POR,fg_miss,47,False,False,MISS Simons 18' Turnaround Jump Shot,,101,88
0022100732,2022-01-26,POR,DAL,4,9,50,POR,POR,reb,0,False,False,TRAIL BLAZERS Rebound,,101,88
0022100732,2022-01-26,POR,DAL,4,9,50,POR,DAL,foul,3,False,False,,Brunson L.B.FOUL (P1.T2) (M.Ervin),101,88
0022100732,2022-01-26,POR,DAL,4,9,44,POR,POR,fg_make,66,False,False,Nurkic 3' Jump Bank Shot (16 PTS),,101,90
0022100732,2022-01-26,POR,DAL,4,9,44,POR,DAL,foul,2,False,False,,Porzingis S.FOUL (P5.T3) (K.Fitzgerald),101,90
0022100732,2022-01-26,POR,DAL,4,9,44,POR,POR,ft_miss,10,False,False,MISS Nurkic Free Throw 1 of 1,,101,90
0022100732,2022-01-26,POR,DAL,4,9,41,DAL,DAL,reb,0,False,False,,Powell REBOUND (Off:1 Def:3),101,90
0022100732,2022-01-26,POR,DAL,4,9,33,DAL,DAL,fg_make,79,False,False,,Brunson 12' Pullup Jump Shot (14 PTS),103,90
0022100732,2022-01-26,POR,DAL,4,9,13,POR,POR,fg3_miss,1,False,False,MISS Elleby 25' 3PT Jump Shot,,103,90
0022100732,2022-01-26,POR,DAL,4,9,11,DAL,DAL,reb,0,False,False,,Green REBOUND (Off:1 Def:1),103,90
0022100732,2022-01-26,POR,DAL,4,9,1,DAL,DAL,fg3_make,1,False,False,,Ntilikina 24' 3PT Jump Shot (6 PTS) (Brunson 9 AST),106,90
0022100732,2022-01-26,POR,DAL,4,8,43,POR,POR,fg_make,101,False,False,Simons 5' Driving Floating Jump Shot (15 PTS),,106,92
0022100732,2022-01-26,POR,DAL,4,8,30,DAL,DAL,fg_miss,79,False,False,,MISS Brunson 19' Pullup Jump Shot,106,92
0022100732,2022-01-26,POR,DAL,4,8,29,POR,POR,reb,0,False,False,Simons REBOUND (Off:0 Def:2),,106,92
0022100732,2022-01-26,POR,DAL,4,8,20,DAL,POR,foul,4,False,False,McCollum OFF.Foul (P5) (M.Ervin),,106,92
0022100732,2022-01-26,POR,DAL,4,8,20,POR,POR,tov,37,False,False,McCollum Offensive Foul Turnover (P2.T7),,106,92
0022100732,2022-01-26,POR,DAL,4,8,5,DAL,DAL,fg_make,6,False,False,,Brunson 4' Driving Layup (16 PTS),108,92
0022100732,2022-01-26,POR,DAL,4,8,5,POR,POR,timeout,1,False,False,TRAIL BLAZERS Timeout: Regular (Full 4 Short 0),,108,92
0022100732,2022-01-26,POR,DAL,4,7,55,POR,DAL,foul,1,False,False,,Brunson P.FOUL (P2.T4) (J.Orr),108,92
0022100732,2022-01-26,POR,DAL,4,7,45,POR,POR,fg3_make,1,False,False,Simons 28' 3PT Jump Shot (18 PTS) (McCollum 5 AST),,108,95
0022100732,2022-01-26,POR,DAL,4,7,44,DAL,POR,foul,11,False,False,Nurkic T.FOUL (P1.T0) (K.Fitzgerald),,108,95
0022100732,2022-01-26,POR,DAL,4,7,44,DAL,DAL,ft_make,16,False,False,,Bullock Free Throw Technical (12 PTS),109,95
0022100732,2022-01-26,POR,DAL,4,7,24,DAL,DAL,fg_miss,102,False,False,,MISS Ntilikina 7' Driving Floating Bank Jump Shot,109,95
0022100732,2022-01-26,POR,DAL,4,7,20,DAL,DAL,reb,0,False,False,,Powell REBOUND (Off:2 Def:3),109,95
0022100732,2022-01-26,POR,DAL,4,7,20,DAL,DAL,fg_make,107,False,False,,Powell Tip Dunk Shot (13 PTS),111,95
0022100732,2022-01-26,POR,DAL,4,7,14,POR,DAL,foul,1,False,False,,Powell P.FOUL (P3.PN) (J.Orr),111,95
0022100732,2022-01-26,POR,DAL,4,7,14,DAL,DAL,timeout,1,False,False,,Mavericks Timeout: Regular (Reg.4 Short 0),111,95
0022100732,2022-01-26,POR,DAL,4,7,14,DAL,POR,ft_make,11,False,False,Nurkic Free Throw 1 of 2 (17 PTS),,111,96
0022100732,2022-01-26,POR,DAL,4,7,14,DAL,POR,ft_make,12,False,False,Nurkic Free Throw 2 of 2 (18 PTS),,111,97
0022100732,2022-01-26,POR,DAL,4,6,57,DAL,DAL,fg_make,102,False,False,,Brunson 4' Driving Floating Bank Jump Shot (18 PTS),113,97
0022100732,2022-01-26,POR,DAL,4,6,47,POR,POR,fg3_miss,1,False,False,MISS Powell 3PT Jump Shot,,113,97
0022100732,2022-01-26,POR,DAL,4,6,44,DAL,DAL,reb,0,False,False,,Brunson REBOUND (Off:1 Def:5),113,97
0022100732,2022-01-26,POR,DAL,4,6,40,DAL,DAL,fg_make,50,False,False,,Green Running Dunk (3 PTS) (Brunson 10 AST),115,97
0022100732,2022-01-26,POR,DAL,4,6,27,POR,POR,fg_make,79,False,False,Simons 16' Pullup Jump Shot (20 PTS),,115,99
0022100732,2022-01-26,POR,DAL,4,6,1,DAL,DAL,fg_make,79,False,False,,Brunson 19' Pullup Jump Shot (20 PTS),117,99
0022100732,2022-01-26,POR,DAL,4,5,49,POR,POR,fg_miss,47,True,False,MISS McCollum 4' Turnaround Jump Shot,,117,99
0022100732,2022-01-26,POR,DAL,4,5,49,POR,DAL,block,47,True,False,block,block,117,99
0022100732,2022-01-26,POR,DAL,4,5,47,DAL,DAL,reb,0,False,False,,Bullock REBOUND (Off:0 Def:4),117,99
0022100732,2022-01-26,POR,DAL,4,5,43,DAL,DAL,fg_make,41,False,False,,Ntilikina 2' Running Layup (8 PTS) (Brunson 11 AST),119,99
0022100732,2022-01-26,POR,DAL,4,5,43,POR,POR,timeout,1,False,False,TRAIL BLAZERS Timeout: Regular (Full 5 Short 0),,119,99
0022100732,2022-01-26,POR,DAL,4,5,32,POR,POR,fg3_make,1,False,False,Simons 29' 3PT Jump Shot (23 PTS) (McCollum 6 AST),,119,102
0022100732,2022-01-26,POR,DAL,4,5,7,DAL,DAL,fg_make,47,False,False,,Doncic 8' Turnaround Jump Shot (15 PTS),121,102
0022100732,2022-01-26,POR,DAL,4,4,54,POR,DAL,foul,2,False,False,,Powell S.FOUL (P4.PN) (K.Fitzgerald),121,102
0022100732,2022-01-26,POR,DAL,4,4,54,POR,POR,ft_miss,11,False,False,MISS Nurkic Free Throw 1 of 2,,121,102
0022100732,2022-01-26,POR,DAL,4,4,54,POR,POR,reb,1,False,False,TRAIL BLAZERS Rebound,,121,102
0022100732,2022-01-26,POR,DAL,4,4,54,POR,POR,ft_miss,12,False,False,MISS Nurkic Free Throw 2 of 2,,121,102
0022100732,2022-01-26,POR,DAL,4,4,52,DAL,DAL,reb,0,False,False,,Doncic REBOUND (Off:0 Def:9),121,102
0022100732,2022-01-26,POR,DAL,4,4,35,DAL,DAL,fg3_miss,1,False,False,,MISS Finney-Smith 24' 3PT Jump Shot,121,102
0022100732,2022-01-26,POR,DAL,4,4,31,POR,POR,reb,0,False,False,Nurkic REBOUND (Off:2 Def:6),,121,102
0022100732,2022-01-26,POR,DAL,4,4,18,POR,POR,fg_make,101,False,False,Powell 8' Driving Floating Jump Shot (19 PTS) (Simons 7 AST),,121,104
0022100732,2022-01-26,POR,DAL,4,4,0,DAL,DAL,fg_make,52,False,False,,Powell Alley Oop Dunk (15 PTS) (Doncic 14 AST),123,104
0022100732,2022-01-26,POR,DAL,4,3,46,POR,POR,tov,1,False,True,Simons Bad Pass Turnover (P3.T8),,123,104
0022100732,2022-01-26,POR,DAL,4,3,46,POR,DAL,steal,1,False,True,steal,steal,123,104
0022100732,2022-01-26,POR,DAL,4,3,39,DAL,DAL,fg3_make,1,False,False,,Bullock 3PT Jump Shot (15 PTS) (Doncic 15 AST),126,104
0022100732,2022-01-26,POR,DAL,4,3,38,POR,POR,timeout,1,False,False,TRAIL BLAZERS Timeout: Regular (Full 6 Short 0),,126,104
0022100732,2022-01-26,POR,DAL,4,3,23,POR,POR,tov,2,False,True,Brown III Lost Ball Turnover (P1.T9),,126,104
0022100732,2022-01-26,POR,DAL,4,3,23,POR,DAL,steal,2,False,True,steal,steal,126,104
0022100732,2022-01-26,POR,DAL,4,3,6,DAL,DAL,fg3_miss,80,False,False,,MISS Doncic 30' 3PT Step Back Jump Shot,126,104
0022100732,2022-01-26,POR,DAL,4,3,4,POR,POR,reb,0,False,False,Brown III REBOUND (Off:0 Def:1),,126,104
0022100732,2022-01-26,POR,DAL,4,2,56,POR,POR,fg_miss,6,False,False,MISS Brown III 3' Driving Layup,,126,104
0022100732,2022-01-26,POR,DAL,4,2,55,DAL,DAL,reb,0,False,False,,Doncic REBOUND (Off:0 Def:10),126,104
0022100732,2022-01-26,POR,DAL,4,2,34,DAL,DAL,fg_miss,80,False,False,,MISS Brunson 20' Step Back Jump Shot,126,104
0022100732,2022-01-26,POR,DAL,4,2,33,POR,POR,reb,0,False,False,Watford REBOUND (Off:0 Def:4),,126,104
0022100732,2022-01-26,POR,DAL,4,2,28,POR,POR,fg_make,100,False,False,Brown III 1' Running Alley Oop Layup Shot (2 PTS) (Watford 1 AST),,126,106
0022100732,2022-01-26,POR,DAL,4,2,28,DAL,DAL,timeout,1,False,False,,Mavericks Timeout: Regular (Reg.5 Short 0),126,106
0022100732,2022-01-26,POR,DAL,4,2,16,DAL,DAL,fg_make,98,False,False,,Green 2' Cutting Layup Shot (5 PTS) (Chriss 2 AST),128,106
0022100732,2022-01-26,POR,DAL,4,2,16,DAL,POR,foul,2,False,False,Snell S.FOUL (P2.T1) (J.Orr),,128,106
0022100732,2022-01-26,POR,DAL,4,2,16,DAL,DAL,ft_make,10,False,False,,Green Free Throw 1 of 1 (6 PTS),129,106
0022100732,2022-01-26,POR,DAL,4,2,5,POR,POR,fg3_miss,1,False,False,MISS McLemore 26' 3PT Jump Shot,,129,106
0022100732,2022-01-26,POR,DAL,4,2,1,DAL,DAL,reb,0,False,False,,Pinson REBOUND (Off:0 Def:1),129,106
0022100732,2022-01-26,POR,DAL,4,1,56,DAL,DAL,fg_miss,41,False,False,,MISS Green 1' Running Layup,129,106
0022100732,2022-01-26,POR,DAL,4,1,54,POR,POR,reb,0,False,False,Snell REBOUND (Off:0 Def:2),,129,106
0022100732,2022-01-26,POR,DAL,4,1,44,POR,POR,fg_miss,108,False,False,MISS Blevins 1' Cutting Dunk Shot,,129,106
0022100732,2022-01-26,POR,DAL,4,1,42,DAL,DAL,reb,0,False,False,,Chriss REBOUND (Off:0 Def:2),129,106
0022100732,2022-01-26,POR,DAL,4,1,35,DAL,DAL,fg3_miss,1,False,False,,MISS Pinson 25' 3PT Jump Shot,129,106
0022100732,2022-01-26,POR,DAL,4,1,33,POR,POR,reb,0,False,False,Watford REBOUND (Off:0 Def:5),,129,106
0022100732,2022-01-26,POR,DAL,4,1,29,POR,POR,fg_make,101,False,False,Watford Driving Floating Jump Shot (8 PTS),,129,108
0022100732,2022-01-26,POR,DAL,4,1,10,DAL,DAL,fg3_miss,1,False,False,,MISS Burke 25' 3PT Jump Shot,129,108
0022100732,2022-01-26,POR,DAL,4,1,6,DAL,DAL,reb,0,False,False,,Chriss REBOUND (Off:1 Def:2),129,108
0022100732,2022-01-26,POR,DAL,4,0,53,DAL,DAL,fg_miss,75,False,False,,MISS Burke 15' Driving Finger Roll Layup,129,108
0022100732,2022-01-26,POR,DAL,4,0,51,POR,POR,reb,0,False,False,Snell REBOUND (Off:0 Def:3),,129,108
0022100732,2022-01-26,POR,DAL,4,0,46,POR,POR,fg_make,41,False,False,Blevins 1' Running Layup (2 PTS) (McLemore 2 AST),,129,110
0022100732,2022-01-26,POR,DAL,4,0,26,DAL,DAL,fg_make,79,False,False,,Green 19' Pullup Jump Shot (8 PTS) (Ntilikina 1 AST),131,110
0022100732,2022-01-26,POR,DAL,4,0,26,DAL,POR,foul,2,False,False,Blevins S.FOUL (P1.T2) (K.Fitzgerald),,131,110
0022100732,2022-01-26,POR,DAL,4,0,26,DAL,DAL,ft_make,10,False,False,,Green Free Throw 1 of 1 (9 PTS),132,110
0022100732,2022-01-26,POR,DAL,4,0,16,POR,POR,fg_make,9,False,False,Brown III 2' Driving Dunk (4 PTS) (Watford 2 AST),,132,112
0022100732,2022-01-26,POR,DAL,4,0,0,POR,,period_end,0,False,False,,,132,112
